# 2019-04-09
1903.01756
1903.01800
1903.02161
1903.02195
1903.02201
1903.02366
1903.02445
1903.02758
1903.02840
1903.02858
1903.02904
1903.02999
1903.03101
1903.03147
1903.03636
1903.04039
1903.04300
1903.04325
1903.04737
1903.04761
1903.04996
1903.05239
1903.05255
1903.05377
1903.05425
1903.05948
1903.05956
1903.06061
1903.06195
1903.06361
1903.06579
1903.06981
1903.07418
1903.07477
1903.07493
1903.07531
1903.07595
1903.07870
1903.07966
1903.08109
1903.08247
1903.08603
1903.08794
1903.09245
1903.10445
1903.10618
1903.10700
1903.10706
1903.11062
1903.11316
1903.11635
1903.11860
1903.12050
1903.12150
1903.12165
1903.12243
1903.12400
1903.12641

# 2019-04-09
1904.00051
1904.00101
1904.00200
1904.00692
1904.00702
1904.00943
1904.01135
1904.01163
1904.01182
1904.01361
1904.01362
1904.01381
1904.01503
1904.01543
1904.01570
1904.01770
1904.02013
1904.02027
1904.02034
1904.02077
1904.02231
1904.02276
1904.02362
1904.02425
1904.02944
1904.02991
1904.03117
1904.03139
1904.03213
1904.03214
1904.03219
1904.03248
1904.03313
1904.03467
1904.03581
1904.03587
1904.03636
1904.03723
1904.03741
1904.03950
1904.04072
1904.04216

# 2019-04-09
1904.04243
1904.04299
1904.04341
1904.04403
1904.04453
1904.04501
1904.04637
1904.04720

# 2019-04-10
1904.04860
1904.04867
1904.04916
1904.05011
1904.05066
1904.05131

# 2019-04-11
1904.05483
1904.05627
1904.05870

# 2019-04-14
1904.05974
1904.05995
1904.06069
1904.06107
1904.06159
1904.06175
1904.06184
1904.06204
1904.06245

# 2019-04-15
1904.07174
1904.07216
1904.07218

# 2019-04-16
1904.07262
1904.07683

# 2019-04-17
1904.07949
1904.07957
1904.08037
1904.08078
1904.08112
1904.08150
1904.08178
1904.08255
1904.08343
1904.08355
1904.08380
1904.08382
1904.08391

# 2019-04-18
1904.08819
1904.08832
1904.08914

# 2019-04-21
1904.08934
1904.08954
1904.09142
1904.09222
1904.09246

# 2019-04-22
1904.09828
1904.09854

# 2019-04-22
1904.09433
1904.09438
1904.09470
1904.09561
1904.09710

# 2019-04-23
1904.10011
1904.10210
1904.10215

# 2019-04-24
1904.10454
1904.10479
1904.10493
1904.10680
1904.10701
1904.10719

# 2019-04-25
1904.11244
1904.11285
1904.11337
1904.11395
1904.11446

# 2019-04-28
1904.11601
1904.11606
1904.11895
1904.11946
1904.11965

# 2019-04-29
1904.07358
1904.12000
1904.12011
1904.12061
1904.12156
1904.12335
1904.12337
1904.12424
1904.12427
1904.12500
1904.12503
1904.12596
1904.12747

# 2019-04-30
1904.13019
1904.13056
1904.13077
1904.13191
1904.13205
1904.13239
1904.13369

# 2019-05-01
1905.00073
1905.00091
1905.00164
1905.00305
1905.00340

# 2019-05-02
1904.12533

# 2019-05-02
1905.00444
1905.00518
1905.00566
1905.00656
1905.00850

# 2019-05-05
1905.00973
1905.01134
1905.01216
1905.01282

# 2019-05-06
1905.01325
1905.01373
1905.01495
1905.01644
1905.01822
1905.02149

# 2019-05-07
1905.02270
1905.02303
1905.02316
1905.02354
1905.02367
1905.02518
1905.02592
1905.02687

# 2019-05-08
1905.03070
1905.03124
1905.03134
1905.03148
1905.03194
1905.03204

# 2019-05-09
1905.03379
1905.03446
1905.03525
1905.03610
1905.03631
1905.03645

# 2019-05-12
1905.04106
1905.04162
1905.04165

# 2019-05-13
1905.04325
1905.04469
1905.04612
1905.04695
1905.04827
1905.04853
1905.04989
1905.05067
1905.05094
1905.05114

# 2019-05-14
1905.05290
1905.05329
1905.05334
1905.05669

# 2019-05-15
1905.05765
1905.06104

# 2019-05-16
1905.02110
1905.06503
1905.06706
1905.06895
1905.06896
1905.06917

# 2019-05-19
1905.07135
1905.07245

# 2019-05-20
1905.07448
1905.07468
1905.07483
1905.07533
1905.07780
1905.08033
1905.08127

# 2019-05-21
1905.07821

# 2019-05-21
1905.08563
1905.08621

# 2019-05-22
1905.08841
1905.09016
1905.09083
1905.09163
1905.09175

# 2019-05-23
1905.09320
1905.09401
1905.09505

# 2019-05-26
1905.09898
1905.09992
1905.10017
1905.10284

# 2019-05-27
1905.10415
1905.10477
1905.10670
1905.10682
1905.10747
1905.10825
1905.10833
1905.10867
1905.11092
1905.11166
1905.11275
1905.11280
1905.11287

# 2019-05-28
1905.11458
1905.11512
1905.11564
1905.11573
1905.11612
1905.11635

# 2019-05-29
1905.11830
1905.12372
1905.12461
1905.12477

# 2019-05-30
1905.12730
1905.12778
1905.12913
1905.12935
1905.12990
1905.13095

# 2019-06-03
1906.00013
1906.00029
1906.00140
1906.00219
1906.00294
1906.00324
1906.00326
1906.00417
1906.00476
1906.00482
1906.00659
1906.00703
1906.00908

# 2019-06-04
1906.01437
1906.01521

# 2019-06-04
1906.01050
1906.01056
1906.01228

# 2019-06-05
1906.01666
1906.01681
1906.01745
1906.01993

# 2019-06-06
1906.02229
1906.02511

# 2019-06-09
1906.02842
1906.03113

# 2019-06-10
1906.03676
1906.03743
1906.04062

# 2019-06-11
1905.05304
1906.04178
1906.04213
1906.04321

# 2019-06-12
1906.04832
1906.04840
1906.04899
1906.05005
1906.05170
1906.05266

# 2019-06-13
1906.05458
1906.05565
1906.05736

# 2019-06-14
1906.05815

# 2019-06-16
1906.05996
1906.05998

# 2019-06-17
1906.06393
1906.06432
1906.06732
1906.06851
1906.06873
1906.06965
1906.07031
1906.07115

# 2019-06-18
1906.07398

# 2019-06-19
1906.07673

# 2019-06-19
1906.07871
1906.07874

# 2019-06-20
1906.07754

# 2019-06-20
1906.08308
1906.08371

# 2019-06-23
1906.08890
1906.08902
1906.09180
1906.09213
1906.09224
1906.09226

# 2019-06-24
1906.09501
1906.09595
1906.09680
1906.09783
1906.09873
1906.10012
1906.10047
1906.10078

# 2019-06-25
1906.10523
1906.10530

# 2019-06-25
1906.10275
1906.10340
1906.10375
1906.10495

# 2019-06-26
1906.10705
1906.10801
1906.10837
1906.11185

# 2019-06-27
1906.11366
1906.11385
1906.11524
1906.11811

# 2019-06-30
1906.11985
1906.12297
1906.12298
1906.12334

# 2019-07-01
1907.00033
1907.00053
1907.00102
1907.00117
1907.00203
1907.00227
1907.00239
1907.00309
1907.00412
1907.00460
1907.00463
1907.00465
1907.00529
1907.00676
1907.00817
1907.00845
1907.00847
1907.00872

# 2019-07-02
1907.00141

# 2019-07-02
1907.01005
1907.01006
1907.01018
1907.01076
1907.01129
1907.01218
1907.01243
1907.01258
1907.01495

# 2019-07-03
1907.01619
1907.01624
1907.01700
1907.01766
1907.02053

# 2019-07-04
1907.02145
1907.02251
1907.02266
1907.02274
1907.02319
1907.02353
1907.02369

# 2019-07-07
1907.02539
1907.02686
1907.02892
1907.02900
1907.02916
1907.02919
1907.02929

# 2019-07-08
1907.03129
1907.03201
1907.03205
1907.03266
1907.03526
1907.03533
1907.03535

# 2019-07-09
1907.03797
1907.03850
1907.03863
1907.04065
1907.04132
1907.04165
1907.04217
1907.04302

# 2019-07-10
1907.04381
1907.04383
1907.04385
1907.04442
1907.04450
1907.04451
1907.04585
1907.04628
1907.04629
1907.04640
1907.04645
1907.04733
1907.04745
1907.04749
1907.04776
1907.04826
1907.04844

# 2019-07-11
1907.05083
1907.05135
1907.05296
1907.05378
1907.05391
1907.05401

# 2019-07-12
1907.05087

# 2019-07-14
1907.05445
1907.05515
1907.05548
1907.05568
1907.05725

# 2019-07-15
1907.05940
1907.05981
1907.06012
1907.06033
1907.06156
1907.06257
1907.06334
1907.06529
1907.06576

# 2019-07-16
1907.06731
1907.06743
1907.06983
1907.07020
1907.07078
1907.07149

# 2019-07-17
1907.06814

# 2019-07-17
1907.07367
1907.07471

# 2019-07-18
1907.07833
1907.07910
1907.07922
1907.07969
1907.07982
1907.08019
1907.08024
1907.08093
1907.08185

# 2019-07-21
1907.08304
1907.08399

# 2019-07-22
1907.08865
1907.08906
1907.09108
1907.09280
1907.09371
1907.09415

# 2019-07-23
1907.09531
1907.09582
1907.09820

# 2019-07-24
1907.10333
1907.10376
1907.10398
1907.10444
1907.10468

# 2019-07-25
1907.10779
1907.10874
1907.10895
1907.10930
1907.10937
1907.11010
1907.11078
1907.11209

# 2019-07-28
1907.11338
1907.11368
1907.11402
1907.11416
1907.11422
1907.11632
1907.11635
1907.11636
1907.11662
1907.11669

# 2019-07-29
1907.11705
1907.12061
1907.12106
1907.12119
1907.12287
1907.12443

# 2019-07-30
1907.12468

# 2019-07-30
1907.12619
1907.12713
1907.12724
1907.12854
1907.12857
1907.13062
1907.13100

# 2019-07-31
1907.13558

# 2019-08-01
1908.00041
1908.00140
1908.00236
1908.00265
1908.00352
1908.00491

# 2019-08-04
1908.00784
1908.00814
1908.00848
1908.00887

# 2019-08-05
1908.01020
1908.01223
1908.01241
1908.01317
1908.01441

# 2019-08-06
1908.01956
1908.02129
1908.02174
1908.02211
1908.02213

# 2019-08-07
1908.02499
1908.02525
1908.02530

# 2019-08-09
1908.02860
1908.02905
1908.03022
1908.03042

# 2019-08-11
1908.03252
1908.03341
1908.03363
1908.03389
1908.03473
1908.03500
1908.03501
1908.03509
1908.03519

# 2019-08-12
1908.03586
1908.03600
1908.03870
1908.03903
1908.03996
1908.04104
1908.04198
1908.04232

# 2019-08-13
1908.04381
1908.04409
1908.04478

# 2019-08-14
1908.04921
1908.04922
1908.04923
1908.04976
1908.05015
1908.05155

# 2019-08-15
1908.05361
1908.05445

# 2019-08-18
1908.05700
1908.05706
1908.05855
1908.05943
1908.05966

# 2019-08-19
1908.06130
1908.06270
1908.06300
1908.06320
1908.06322
1908.06371
1908.06460
1908.06541
1908.06657
1908.06664
1908.06688
1908.06720
1908.06751
1908.06798
1908.06806
1908.06828

# 2019-08-20
1908.06964
1908.07215
1908.07239
1908.07282
1908.07318
1908.07447

# 2019-08-21
1908.07792

# 2019-08-22
1908.08151
1908.08347
1908.08411

# 2019-08-25
1908.08483
1908.08708
1908.08881
1908.08882
1908.08905
1908.08911
1908.08938

# 2019-08-26
1908.09151
1908.09278
1908.09318
1908.09325
1908.09378
1908.09586
1908.09606
1908.09618
1908.09648

# 2019-08-27
1908.09942
1908.09959
1908.10132
1908.10170
1908.10248

# 2019-08-28
1908.10410
1908.10550
1908.10583
1908.10805
1908.10844
1908.10846

# 2019-08-29
1908.10942
1908.11181
1908.11213
1908.11248

# 2019-09-01
1908.11491
1908.11518
1908.11529
1908.11554
1908.11631
1908.11819
1908.11825
1908.11829

# 2019-09-03
1909.00530
1909.00638
1909.00844
1909.00857
1909.00885
1909.01060
1909.01123
1909.01152

# 2019-09-04
1909.01571
1909.01583
1909.01599
1909.01667
1909.01721
1909.01957

# 2019-09-05
1909.01986
1909.02198
1909.02545

# 2019-09-08
1909.02579
1909.02627
1909.02737
1909.02839
1909.02849

# 2019-09-09
1909.03152
1909.03210
1909.03255
1909.03339
1909.03422
1909.03445
1909.03478
1909.03547
1909.03636
1909.03691
1909.03787
1909.04016

# 2019-09-10
1909.04135
1909.04244
1909.04396
1909.04611
1909.04613

# 2019-09-11
1909.04463

# 2019-09-11
1909.04759
1909.04774
1909.04785
1909.04871
1909.04878
1909.05023

# 2019-09-12
1909.05711
1909.05822
1909.05828

# 2019-09-13
1909.05270

# 2019-09-15
1909.05901
1909.05968
1909.05981
1909.06210
1909.06292

# 2019-09-16
1909.06413
1909.06430
1909.06437
1909.06811
1909.06988
1909.07013
1909.07251
1909.07326

# 2019-09-17
1909.07041

# 2019-09-17
1909.07413
1909.07420
1909.07446
1909.07498
1909.07647
1909.07703
1909.07780
1909.07816
1909.07854
1909.07919

# 2019-09-18
1909.08233
1909.08263
1909.08369
1909.08426
1909.08435
1909.08608

# 2019-09-19
1909.08795
1909.08846

# 2019-09-22
1909.09231
1909.09371
1909.09518

# 2019-09-23
1909.09791
1909.09984
1909.10260
1909.10279
1909.10303
1909.10323
1909.10419
1909.10428
1909.10503

# 2019-09-24
1909.10647
1909.10658
1909.10850
1909.10958
1909.11068

# 2019-09-25
1909.11147
1909.11485
1909.11554

# 2019-09-26
1909.11929
1909.12004
1909.12044
1909.12209
1909.12211
1909.12256

# 2019-09-29
1909.12379
1909.12386
1909.12658
1909.12755

# 2019-09-30
1909.13017
1909.13029
1909.13459
1909.13472
1909.13755
1909.13781
1909.13848

# 2019-10-01
1910.00305
1910.00440
1910.00494
1910.00510
1910.00517

# 2019-10-02
1910.00581
1910.00692
1910.00724
1910.00777
1910.00868
1910.00887
1910.00901
1910.00941
1910.00994
1910.01047
1910.01071
1910.01082
1910.01099

# 2019-10-03
1910.01251
1910.01293
1910.01331
1910.01357
1910.01565

# 2019-10-06
1910.01783
1910.01935
1910.02048
1910.02057
1910.02063

# 2019-10-07
1910.02123
1910.02145
1910.02179
1910.02248
1910.02351
1910.02438
1910.02465
1910.02470
1910.02590
1910.02665

# 2019-10-07
1910.02849
1910.02861

# 2019-10-08
1910.03332
1910.03409
1910.03438

# 2019-10-08
1910.03367

# 2019-10-09
1910.03640

# 2019-10-10
1910.04162
1910.04228
1910.04278
1910.04320
1910.04555
1910.04600

# 2019-10-13
1910.04848
1910.04881
1910.04911
1910.04974
1910.05254

# 2019-10-14
1909.12387
1910.05385
1910.05492
1910.05589
1910.05645
1910.05699
1910.05971
1910.06088
1910.06151
1910.06185
1910.06281

# 2019-10-15
1910.06435
1910.06846

# 2019-10-16
1910.07087
1910.07305

# 2019-10-17
1910.07616
1910.07944
1910.07950
1910.08025
1910.08033

# 2019-10-20
1910.08283
1910.08503
1910.08517

# 2019-10-21
1910.08571
1910.08889
1910.08915
1910.08920
1910.09005
1910.09071
1910.09190
1910.09228

# 2019-10-22
1910.09625
1910.09791
1910.09985
1910.10113
1910.10116

# 2019-10-23
1910.10357
1910.10359
1910.10364
1910.10412
1910.10571
1910.10593
1910.10665

# 2019-10-24
1910.10708
1910.10882
1910.11039
1910.11325

# 2019-10-27
1910.11749
1910.11753
1910.11782
1910.11850

# 2019-10-28
1910.11921
1910.12026
1910.12085
1910.12310
1910.12353
1910.12458
1910.12504
1910.12526
1910.12747
1910.12848

# 2019-10-29
1910.13297

# 2019-10-30
1910.13530
1910.13543
1910.13615
1910.13765
1910.13874
1910.13900

# 2019-10-31
1910.14153
1910.14276
1910.14344
1910.14387
1910.14638
1910.14646

# 2019-11-03
1911.00044
1911.00178
1911.00223
1911.00236
1911.00403

# 2019-11-04
1911.00612
1911.00623
1911.00722
1911.00911
1911.00944
1911.01145
1911.01374
1911.01381
1911.01411

# 2019-11-04
1911.00595

# 2019-11-05
1911.01839
1911.01951
1911.01956
1911.01960
1911.01973

# 2019-11-05
1911.01479
1911.01503
1911.01504
1911.01522
1911.01626
1911.01651
1911.01662
1911.01663

# 2019-11-06
1911.02040
1911.02259
1911.02356
1911.02440
1911.02534
1911.02540
1911.02555

# 2019-11-07
1911.02218

# 2019-11-11
1911.02628
1911.02675
1911.02780
1911.02822
1911.02911
1911.02921
1911.03026
1911.03035
1911.03195
1911.03204
1911.03272
1911.03297
1911.03360
1911.03427
1911.03449

# 2019-11-11
1911.03683
1911.03748
1911.03757
1911.03858
1911.03989
1911.03990
1911.04026
1911.04112
1911.04122
1911.04249
1911.04382

# 2019-11-12
1911.04734
1911.04871

# 2019-11-13
1911.05416
1911.05545
1911.05582
1911.05686

# 2019-11-14
1911.05834
1911.05896
1911.05911
1911.05991
1911.06132

# 2019-11-17
1911.06358
1911.06436
1911.06664
1911.06738
1911.06793

# 2019-11-17
1911.06511

# 2019-11-18
1911.06889
1911.06895
1911.06924
1911.07124
1911.07154
1911.07306
1911.07375
1911.07378
1911.07465
1911.07536
1911.07782
1911.07793

# 2019-11-19
1911.07981
1911.08004
1911.08043
1911.08101
1911.08297
1911.08372

# 2019-11-20
1911.09065

# 2019-11-20
1911.08558
1911.08600
1911.08704
1911.08832
1911.08924
1911.08964

# 2019-11-20
1911.08959

# 2019-11-21
1911.09133
1911.09150
1911.09165
1911.09176
1911.09221
1911.09379
1911.09498
1911.09650

# 2019-11-24
1911.09810
1911.09944
1911.10172

# 2019-11-25
1911.10337
1911.10363
1911.10381
1911.10616
1911.10698
1911.10833
1911.10863

# 2019-11-26
1911.11190
1911.11229
1911.11257
1911.11368
1911.11405

# 2019-11-27
1911.11793
1911.11847
1911.11852
1911.11868
1911.11962
1911.12242

# 2019-12-01
1911.12411
1911.12520
1911.12638
1911.12884
1911.12995
1911.13091
1911.13097
1911.13104
1911.13144
1911.13161
1911.13294

# 2019-12-02
1912.00143
1912.00231
1912.00245
1912.00284
1912.00345
1912.00534
1912.00620
1912.00717
1912.00837
1912.00948

# 2019-12-03
1912.01059
1912.01081
1912.01155
1912.01382
1912.01430

# 2019-12-04
1912.01990
1912.02021
1912.02176

# 2019-12-05
1912.02278
1912.02430
1912.02728
1912.02814

# 2019-12-08
1912.02820
1912.02953
1912.03013
1912.03042
1912.03127

# 2019-12-09
1912.03514
1912.03729
1912.03824
1912.03841
1912.04062
1912.04233

# 2019-12-09
1912.03700

# 2019-12-10
1912.04392
1912.04467
1912.04524
1912.04772

# 2019-12-11
1912.05010
1912.05390
1912.05506

# 2019-12-11
1912.05406

# 2019-12-12
1912.05819

# 2019-12-15
1912.06300
1912.06526

# 2019-12-16
1912.06941
1912.06966
1912.07168

# 2019-12-17
1912.07820
1912.07957
1912.07992
1912.08032
1912.08045

# 2019-12-18
1912.08277
1912.08482
1912.08674
1912.08805

# 2019-12-19
1912.08854
1912.08880
1912.08950
1912.09144
1912.09170
1912.09236
1912.09264
1912.09298
1912.09389

# 2019-12-22
1912.09662

# 2019-12-23
1912.09051
1912.10140
1912.10217
1912.10349
1912.10486
1912.10497
1912.10989

# 2019-12-24
1912.11103
1912.11275
1912.11396
1912.11444

# 2019-12-29
1912.11491
1912.11611
1912.11799
1912.11819
1912.11906
1912.11927

# 2019-12-31
1912.12599
1912.12665
1912.12740
1912.12790
1912.12820
1912.13286
1912.13287
1912.13347
1912.13446

# 2019-12-31
1912.12366
1912.12409
1912.12430
1912.12447
1912.12561

# 2020-01-02
2001.00021
2001.00204
2001.00257
2001.00336
2001.00387
2001.00562

# 2020-01-05
2001.00760

# 2020-01-06
1912.07600
2001.00943
2001.01125
2001.01146
2001.01230
2001.01440
2001.01452
2001.01493
2001.01661
2001.01715

# 2020-01-07
2001.01914
2001.01948
2001.01961
2001.02139
2001.02144
2001.02191

# 2020-01-08
2001.02411
2001.02481

# 2020-01-09
2001.02817
2001.02818
2001.02827
2001.02992
2001.03015
2001.03098
2001.03161

# 2020-01-13
2001.03788
2001.03794
2001.03924
2001.03962
2001.04120
2001.04219
2001.04383
2001.04447

# 2020-01-14
2001.04525
2001.04671
2001.04760
2001.04908

# 2020-01-15
2001.05196
2001.05236
2001.05247
2001.05364

# 2020-01-16
2001.05553
2001.05583
2001.05921

# 2020-01-19
2001.06005
2001.06169
2001.06305
2001.06316

# 2020-01-21
2001.06536
2001.06784
2001.06867
2001.07059
2001.07134
2001.07158
2001.07282
2001.07477
2001.07642
2001.07672

# 2020-01-22
2001.07741
2001.07765
2001.07788
2001.08122
2001.08190

# 2020-01-23
2001.08373
2001.08416
2001.08439
2001.08510
2001.08659

# 2020-01-26
2001.08977

# 2020-01-27
2001.09453
2001.09642

# 2020-01-27
2001.09198

# 2020-01-28
2001.10148
2001.10204
2001.10520

# 2020-01-29
2001.10710
2001.10751
2001.10801
2001.10809
2001.10821
2001.10919

# 2020-01-30
2001.11070
2001.11250

# 2020-02-02
2001.11811
2001.11959
2001.11997

# 2020-02-03
2002.00002
2002.00009
2002.00071
2002.00263
2002.00629
2002.00713
2002.00788
2002.00813

# 2020-02-04
2002.00943
2002.01218
2002.01258
2002.01289
2002.01293
2002.01307
2002.01377

# 2020-02-05
2002.01509
2002.01610
2002.01743

# 2020-02-06
2002.02021
2002.02232
2002.02274
2002.02408
2002.02447

# 2020-02-09
2002.02641
2002.02728
2002.02729
2002.02789

# 2020-02-10
2002.02962
2002.03293
2002.03352
2002.03443
2002.03508
2002.03583
2002.03725
2002.03887
2002.04012

# 2020-02-11
2002.04048
2002.04244
2002.04368
2002.04590

# 2020-02-12
2002.04638
2002.04727
2002.04778
2002.04783
2002.04830
2002.04841
2002.05056
2002.05068
2002.05121
2002.05131
2002.05156

# 2020-02-13
2002.05239
2002.05276
2002.05376
2002.05378
2002.05538
2002.05580
2002.05600
2002.05710

# 2020-02-16
2002.06005
2002.06037
2002.06078
2002.06083

# 2020-02-17
2002.06265
2002.06421
2002.06451
2002.06683
2002.06762
2002.06786
2002.06812
2002.06887
2002.06948
2002.06957
2002.06997
2002.07012
2002.07054

# 2020-02-17
2002.06653

# 2020-02-18
2002.07207
2002.07208
2002.07211
2002.07235
2002.07336
2002.07342
2002.07346
2002.07363
2002.07444
2002.07448
2002.07466
2002.07569
2002.07611
2002.07612
2002.07649
2002.07659
2002.07674
2002.07695
2002.07698
2002.07741
2002.07745
2002.07761
2002.07799
2002.07800

# 2020-02-19
2002.07912
2002.07955
2002.08086
2002.08114
2002.08199
2002.08216
2002.08225
2002.08226
2002.08231
2002.08240
2002.08299
2002.08311

# 2020-02-20
2002.08389
2002.08495
2002.08533
2002.08580
2002.08626
2002.08634
2002.08659
2002.08730
2002.08825
2002.08944

# 2020-02-23
2002.08992
2002.09028
2002.09441
2002.09451
2002.09460
2002.09463
2002.09472

# 2020-02-24
2002.09534
2002.09610
2002.09707
2002.09807
2002.09880
2002.09916
2002.09972
2002.10047
2002.10142
2002.10145
2002.10304

# 2020-02-25
2002.07152
2002.10490
2002.10553
2002.10654
2002.10802
2002.10809
2002.10841
2002.10859
2002.10870
2002.10888
2002.10898
2002.10927
2002.10958

# 2020-02-25
2002.10780

# 2020-02-26
2002.11237
2002.11313
2002.11437
2002.11541
2002.11594
2002.11679

# 2020-02-27
2002.11795
2002.11818
2002.11830
2002.11880
2002.12119

# 2020-03-01
2002.12694
2002.12706
2002.12771
2002.12814
2002.12856
2002.12872

# 2020-03-02
2003.00094
2003.00314
2003.00336
2003.00468
2003.00556
2003.00614
2003.00644
2003.00649
2003.00669
2003.00736
2003.00938
2003.00963

# 2020-03-03
2003.01154
2003.01254
2003.01591

# 2020-03-04
2003.01902
2003.01937

# 2020-03-05
2003.02302
2003.02323
2003.02483
2003.02524
2003.02583
2003.02605

# 2020-03-08
2003.02866
2003.02962
2003.02972
2003.03019
2003.03058
2003.03108
2003.03258

# 2020-03-09
2003.03595
2003.03605
2003.03892
2003.04254
2003.04280

# 2020-03-10
2003.04438
2003.04605
2003.04834
2003.04863

# 2020-03-11
2003.05023
2003.05119
2003.05141
2003.05152
2003.05175
2003.05185
2003.05267
2003.05269
2003.05289

# 2020-03-12
2003.05575
2003.05582
2003.05699
2003.05706
2003.05874
2003.05913

# 2020-03-15
2003.06076

# 2020-03-16
2003.06706
2003.06879
2003.06993
2003.07190
2003.07341
2003.07345

# 2020-03-16
2003.06639

# 2020-03-17
2003.07487
2003.07589
2003.07746

# 2020-03-18
2003.07903
2003.08144
2003.08329
2003.08331

# 2020-03-19
2003.08929

# 2020-03-22
2003.09266
2003.09297
2003.09363

# 2020-03-23
2003.09532
2003.09791
2003.09877
2003.09879
2003.09895
2003.09914
2003.10000
2003.10230

# 2020-03-24
2003.10570
2003.10612
2003.10698
2003.10774
2003.10935

# 2020-03-25
2003.11273
2003.11313
2003.11351

# 2020-03-26
2003.10712
2003.11764
2003.11775
2003.11951
2003.11974
2003.11998

# 2020-03-29
2003.12293

# 2020-03-30
2003.11777
2003.12938
2003.13065
2003.13151
2003.13558
2003.13593
2003.13641

# 2020-03-31
2003.13786
2003.14317

# 2020-04-01
2004.00547
2004.00557

# 2020-04-02
2004.01077

# 2020-04-05
2004.01235
2004.01348
2004.01491
2004.01492

# 2020-04-06
2004.02066
2004.02129
2004.02163
2004.02298
2004.02338
2004.02448
2004.02530
2004.02580
2004.02837

# 2020-04-07
2004.03114
2004.03387
2004.03477
2004.03493

# 2020-04-08
2004.03816
2004.03853

# 2020-04-09
2004.04496
2004.04586

# 2020-04-12
2004.05018
2004.05022

# 2020-04-13
2004.05548
2004.05672
2004.05706
2004.05721
2004.05875
2004.05922
2004.05935
2004.06036

# 2020-04-14
2004.06167
2004.06340
2004.06367
2004.06436
2004.06439
2004.06455
2004.06521
2004.06595
2004.06620
2004.06690

# 2020-04-15
2004.06898
2004.07118
2004.07151
2004.07214
2004.07220

# 2020-04-16
2004.07319
2004.07403
2004.07492
2004.07558
2004.07566
2004.07572
2004.07630
2004.07650
2004.07671
2004.07718
2004.07798

# 2020-04-19
2004.07869
2004.07946
2004.08037
2004.08324
2004.08338
2004.08374
2004.08375

# 2020-04-20
2004.08381
2004.08432
2004.08454
2004.08681
2004.08703
2004.08716
2004.08783
2004.08818
2004.08828
2004.08949
2004.09002
2004.09083
2004.09238
2004.09312
2004.09425

# 2020-04-21
2004.09806
2004.09885
2004.09938

# 2020-04-22
2004.08636
2004.08959

# 2020-04-22
2004.10319
2004.10596
2004.10747

# 2020-04-23
2004.10776
2004.10805
2004.10873
2004.11166
2004.11173
2004.11315

# 2020-04-26
2004.11439
2004.11445
2004.11568
2004.11582
2004.11621
2004.11642
2004.11666
2004.11761
2004.11796

# 2020-04-27
2004.11937
2004.12002
2004.12063
2004.12166
2004.12222
2004.12223
2004.12258
2004.12683
2004.12692
2004.12739
2004.12849
2004.12865
2004.12890
2004.12942

# 2020-04-28
2004.13231
2004.13302
2004.13442
2004.13491
2004.13602
2004.13673

# 2020-04-29
2004.13881
2004.13978
2004.14064
2004.14102
2004.14147
2004.14304
2004.14318

# 2020-04-30
2004.14351

# 2020-04-30
2004.14473
2004.14574
2004.14724
2004.14789
2004.14931
2004.15009

# 2020-05-03
2005.00134
2005.00144
2005.00417

# 2020-05-04
2005.00575
2005.00593
2005.00681
2005.00690
2005.00809
2005.01045
2005.01076
2005.01182
2005.01323
2005.01359
2005.01374
2005.01381
2005.01412
2005.01460

# 2020-05-05
2005.01778
2005.01824
2005.01861
2005.01867
2005.01921
2005.01982
2005.02082
2005.02218
2005.02238
2005.02300
2005.02368
2005.02369

# 2020-05-06
2005.02421
2005.02478
2005.02607
2005.02853

# 2020-05-06
2005.02751

# 2020-05-07
2005.03123
2005.03176
2005.03192
2005.03256
2005.03497

# 2020-05-10
2005.03800
2005.04042
2005.04068
2005.04123

# 2020-05-11
2005.04214
2005.04530
2005.04531
2005.04533
2005.04598
2005.04635
2005.04733
2005.04818
2005.04916
2005.05052
2005.05070
2005.05143

# 2020-05-12
2005.05547
2005.05773
2005.05863
2005.05907

# 2020-05-13
2005.06225
2005.06311
2005.06419
2005.06436

# 2020-05-14
2005.06528
2005.06827

# 2020-05-17
2005.07644

# 2020-05-18
2005.07859
2005.07906
2005.07944
2005.08058
2005.08099
2005.08137
2005.08150
2005.08243
2005.08263
2005.08301
2005.08351
2005.08609
2005.08887
2005.08918

# 2020-05-19
2005.08950
2005.08959
2005.08962
2005.09262
2005.09342
2005.09507
2005.09588
2005.09595

# 2020-05-20
2005.09724
2005.09836
2005.10080
2005.10095
2005.10182

# 2020-05-21
2005.09152
2005.10328
2005.10506
2005.10566
2005.10743
2005.10749
2005.10800
2005.10801
2005.10817

# 2020-05-24
2005.10830
2005.10852
2005.10885
2005.11116
2005.11270
2005.11307

# 2020-05-25
2005.11541
2005.11589
2005.11614
2005.11654
2005.11668
2005.11758
2005.11766
2005.11796
2005.12064
2005.12169
2005.12245

# 2020-05-26
2005.11736

# 2020-05-27
2005.12997

# 2020-05-28
2005.13628
2005.13634
2005.13710
2005.13913
2005.13938
2005.14105
2005.14111

# 2020-05-31
2005.14335
2005.14620

# 2020-06-01
2006.00061
2006.00354
2006.00571
2006.00625
2006.00743
2006.00917

# 2020-06-02
2006.01256
2006.01491
2006.01588
2006.01598

# 2020-06-03
2006.01903
2006.01975
2006.02249
2006.02374

# 2020-06-07
2006.03177
2006.03198
2006.03213
2006.03372
2006.03399
2006.03440
2006.03460
2006.03470
2006.03530
2006.03578

# 2020-06-08
2006.03666
2006.03746
2006.03856
2006.04094
2006.04124
2006.04166
2006.04324
2006.04337
2006.04351
2006.04409
2006.04411
2006.04625

# 2020-06-10
2006.04823
2006.04831
2006.04880
2006.04933
2006.04940
2006.05084
2006.05310
2006.05490
2006.05592
2006.05650
2006.05828

# 2020-06-11
2006.06067
2006.06380
2006.06392

# 2020-06-14
2006.06951
2006.06965
2006.07302

# 2020-06-15
2006.07432
2006.07486
2006.07613
2006.07628
2006.07677
2006.07846
2006.08181
2006.08263
2006.08266
2006.08272
2006.08314
2006.08397
2006.08467
2006.08468
2006.08473

# 2020-06-16
2006.08668
2006.08731
2006.08926
2006.08949
2006.08958

# 2020-06-17
2006.09877
2006.09969

# 2020-06-18
2006.10207
2006.10302
2006.10364
2006.10444
2006.10456
2006.10592

# 2020-06-21
2006.10916
2006.10957
2006.11152
2006.11155

# 2020-06-22
2006.11580
2006.11876
2006.11947
2006.12028
2006.12125
2006.12330

# 2020-06-23
2006.12561
2006.12760
2006.12772
2006.12897
2006.12929
2006.13073

# 2020-06-24
2006.13449
2006.13483
2006.13642
2006.13679
2006.13684
2006.13712
2006.13911

# 2020-06-25
2006.14015
2006.14093
2006.14309
2006.14449

# 2020-06-28
2006.14733
2006.14798
2006.14828
2006.14870
2006.14972
2006.15024

# 2020-06-29
2006.15349
2006.15381
2006.15412
2006.15584
2006.16104
2006.16222

# 2020-06-30
2006.16339
2006.16422
2006.16632
2006.16726
2006.16909
2006.16924

# 2020-07-01
2007.00204
2007.00373
2007.00512
2007.00533

# 2020-07-02
2007.00657
2007.00662
2007.00870
2007.00912
2007.01031
2007.01147
2007.01199
2007.01252
2007.01280

# 2020-07-05
2007.01533
2007.01673
2007.01779

# 2020-07-06
2007.01897
2007.02330
2007.02370
2007.02377
2007.02431
2007.02509
2007.02533
2007.02628
2007.02730
2007.02740
2007.02817

# 2020-07-07
2007.03039
2007.03402
2007.03631
2007.03633

# 2020-07-08
2007.03829
2007.03859
2007.03867
2007.03933
2007.03950
2007.03976
2007.04008

# 2020-07-09
2007.04468
2007.04513
2007.04620
2007.04726

# 2020-07-12
2007.05020
2007.05246
2007.05316
2007.05346
2007.05458
2007.05469
2007.05523

# 2020-07-13
2007.05580
2007.05637
2007.06060
2007.06098
2007.06105
2007.06360
2007.06444
2007.06455
2007.06539

# 2020-07-14
2007.06754
2007.06819
2007.06896
2007.06979
2007.07025
2007.07040
2007.07049
2007.07161

# 2020-07-15
2007.07405
2007.07449
2007.07496
2007.07553
2007.07554
2007.07575
2007.07660
2007.07720
2007.07721
2007.07738
2007.07772
2007.07808
2007.07862

# 2020-07-16
2007.07921
2007.07975
2007.08058
2007.08069
2007.08075
2007.08091
2007.08253
2007.08285
2007.08401
2007.08415

# 2020-07-19
2007.08585
2007.08643
2007.08761
2007.08811
2007.08836
2007.08914
2007.09018
2007.09023
2007.09045
2007.09099

# 2020-07-20
2007.09172
2007.09202
2007.09281
2007.09318
2007.09461
2007.09634
2007.09768
2007.09793
2007.09816
2007.09946
2007.10253
2007.10254

# 2020-07-21
2007.10331
2007.10537
2007.10545
2007.10673
2007.10790
2007.10824
2007.10857
2007.10924

# 2020-07-22
2007.11398
2007.11402
2007.11495
2007.11559

# 2020-07-23
2007.11582
2007.11643
2007.11964
2007.11997
2007.12048
2007.12077
2007.12102
2007.12120

# 2020-07-26
2007.12307
2007.12323
2007.12372
2007.12502
2007.12651

# 2020-07-27
2007.12940
2007.13016
2007.13179
2007.13214
2007.13466
2007.13564
2007.13594

# 2020-07-28
2007.14028
2007.14045
2007.14092
2007.14156
2007.14161
2007.14169
2007.14179
2007.14204
2007.14225
2007.14307
2007.14339
2007.14346

# 2020-07-29
2007.14502
2007.14514
2007.14898

# 2020-07-30
2007.15102
2007.15125
2007.15220
2007.15251
2007.15306
2007.15362

# 2020-08-02
2007.15743
2007.15839
2007.16111
2007.16192

# 2020-08-03
2008.00044
2008.00266
2008.00270
2008.00325
2008.00466
2008.00496
2008.00581
2008.00601
2008.00779
2008.00896

# 2020-08-04
2008.01316
2008.01573
2008.01590
2008.01616

# 2020-08-05
2008.01820
2008.01961
2008.02060
2008.02146
2008.02269

# 2020-08-06
2008.02138

# 2020-08-06
2008.02753
2008.02769

# 2020-08-09
2008.02924
2008.02932
2008.02941
2008.03061
2008.03091
2008.03115
2008.03131

# 2020-08-10
2008.03327
2008.03448
2008.03784
2008.03909
2008.04116
2008.04183
2008.04270

# 2020-08-11
2008.04148
2008.04416
2008.04853

# 2020-08-12
2008.05059
2008.05106
2008.05145
2008.05177
2008.05180
2008.05188
2008.05421

# 2020-08-13
2008.05504
2008.05558
2008.05584
2008.05648
2008.05674
2008.05677
2008.05728
2008.05800
2008.05801

# 2020-08-16
2008.06148
2008.06167
2008.06300
2008.06317

# 2020-08-17
2008.06591
2008.06700
2008.06740
2008.06801
2008.06805
2008.07003
2008.07252
2008.07344
2008.07425
2008.07445
2008.07468
2008.07470

# 2020-08-18
2008.07556
2008.07633
2008.07764
2008.07834
2008.07898
2008.08007
2008.08032

# 2020-08-19
2008.08288
2008.08368
2008.08373
2008.08479
2008.08480
2008.08575

# 2020-08-20
2008.08680
2008.08721
2008.08811
2008.08963
2008.09004
2008.09008

# 2020-08-23
2008.09260
2008.09299
2008.09317
2008.09329
2008.09414
2008.09465

# 2020-08-24
2008.09660
2008.09806
2008.09822
2008.09877
2008.09921
2008.10052
2008.10223
2008.10577
2008.10582
2008.10583

# 2020-08-25
2008.10932

# 2020-08-26
2008.11235
2008.11315
2008.11321
2008.11454

# 2020-08-27
2008.11786
2008.11943
2008.12170
2008.12237

# 2020-08-30
2008.12727

# 2020-08-31
2008.12825
2008.12895
2008.12905
2008.12928
2008.13491
2008.13648

# 2020-09-01
2009.00098
2009.00188
2009.00425

# 2020-09-02
2009.00809
2009.01139
2009.01145
2009.01161

# 2020-09-03
2009.01353
2009.01446
2009.01544
2009.01765
2009.01802

# 2020-09-06
2009.01874
2009.01928

# 2020-09-07
2009.02452
2009.02584
2009.02595
2009.02618
2009.02664
2009.02702
2009.02717
2009.02778
2009.02815
2009.02945
2009.03038
2009.03052
2009.03158
2009.03218
2009.03260

# 2020-09-08
2009.03352
2009.03675
2009.03687
2009.03788

# 2020-09-09
2009.03924
2009.03996
2009.04259

# 2020-09-10
2009.04556
2009.04567
2009.04636
2009.04742
2009.04821
2009.04892
2009.04992
2009.05039

# 2020-09-13
2009.05208
2009.05218
2009.05314

# 2020-09-14
2009.05685
2009.05776
2009.05870
2009.06043
2009.06063
2009.06090
2009.06106
2009.06107
2009.06117

# 2020-09-15
2009.06778
2009.07268
2009.07269

# 2020-09-16
2009.07311
2009.07630
2009.07735
2009.07770
2009.07800

# 2020-09-17
2009.07925
2009.08032
2009.08158
2009.08208
2009.08216
2009.08353
2009.08360
2009.08416

# 2020-09-20
2009.08479
2009.08634
2009.08721
2009.08751
2009.08830
2009.08866
2009.08871
2009.08903

# 2020-09-21
2009.09460
2009.09623
2009.09645
2009.09646
2009.09678
2009.09743
2009.09801
2009.09971

# 2020-09-22
2009.10088
2009.10217
2009.10408
2009.10502
2009.10677
2009.10709

# 2020-09-23
2009.10761
2009.10880
2009.10882
2009.10981
2009.11178

# 2020-09-24
2009.11391
2009.11435
2009.11463
2009.11514
2009.11552
2009.11622
2009.11642
2009.11780
2009.11793
2009.11840

# 2020-09-27
2009.12127
2009.12184
2009.12225
2009.12291
2009.12309

# 2020-09-28
2009.12442
2009.12457
2009.12892
2009.12982
2009.13090
2009.13184
2009.13257
2009.13353
2009.13409
2009.13494

# 2020-09-29
2009.13701
2009.13949
2009.13989
2009.14191

# 2020-09-30
2009.14336
2009.14479
2009.14716
2009.14729

# 2020-10-01
2010.00087
2010.00138
2010.00334
2010.00348

# 2020-10-04
2010.00825
2010.00937
2010.00967
2010.00970
2010.01102

# 2020-10-05
2010.01365
2010.01385
2010.01439
2010.01459
2010.01801

# 2020-10-06
2010.02772
2010.02787
2010.02835

# 2020-10-06
2010.02324
2010.02388

# 2020-10-07
2010.02922
2010.02988
2010.03311
2010.03354
2010.03393

# 2020-10-08
2010.03653
2010.04108

# 2020-10-11
2010.04333
2010.04527
2010.04618
2010.04623
2010.04662

# 2020-10-12
2010.04799
2010.04910
2010.04958
2010.04985
2010.05186
2010.05425
2010.05652
2010.05660
2010.05677
2010.05733
2010.05768
2010.05779
2010.05822
2010.05846

# 2020-10-13
2010.06317
2010.06401
2010.06563

# 2020-10-13
2010.05984
2010.05998
2010.06083

# 2020-10-15
2010.07405
2010.07794

# 2020-10-18
2010.08083
2010.08142
2010.08423
2010.08445
2010.08513

# 2020-10-19
2010.08576
2010.08821
2010.08862
2010.08994
2010.09014
2010.09230
2010.09255
2010.09271

# 2020-10-20
2010.09884
2010.09913
2010.10028
2010.10134
2010.10189
2010.10314
2010.10408

# 2020-10-21
2010.10997

# 2020-10-22
2010.11381
2010.11440
2010.11456
2010.11462
2010.11497
2010.11658
2010.11754
2010.11788

# 2020-10-23
2010.11880

# 2020-10-25
2010.11983
2010.12081
2010.12122
2010.12265
2010.12397

# 2020-10-26
2010.12629
2010.12633
2010.13020
2010.13143
2010.13180
2010.13207
2010.13717

# 2020-10-27
2010.14181
2010.14338

# 2020-10-28
2010.14560
2010.14684
2010.14752
2010.14801
2010.14815
2010.14916

# 2020-10-29
2010.15435
2010.15600
2010.15671
2010.15770
2010.15776
2010.15794
2010.15803
2010.15814

# 2020-11-01
2010.15879
2010.16012
2010.16158
2010.16177
2010.16290
2010.16316
2010.16376

# 2020-11-02
2011.00001
2011.00029
2011.00130
2011.00131
2011.00503
2011.00511
2011.00598
2011.00824
2011.00968
2011.00977
2011.01017
2011.01191

# 2020-11-03
2011.01647
2011.01649
2011.01726
2011.01770
2011.01898
2011.01929

# 2020-11-03
2011.01366
2011.01489
2011.01559
2011.01564

# 2020-11-04
2011.02044
2011.02320
2011.02325
2011.02375
2011.02428
2011.02431
2011.02466

# 2020-11-05
2011.02075
2011.02868

# 2020-11-08
2011.03133
2011.03141
2011.03194
2011.03291
2011.03433
2011.03434
2011.03454
2011.03495

# 2020-11-09
2011.03619
2011.03639
2011.03700
2011.03704
2011.03778
2011.03892
2011.03978
2011.04022
2011.04047
2011.04071
2011.04125
2011.04221
2011.04253
2011.04273
2011.04295
2011.04324
2011.04511
2011.04528
2011.04593

# 2020-11-10
2011.04915
2011.05066
2011.05080
2011.05085

# 2020-11-10
2011.04658
2011.04778
2011.04827

# 2020-11-11
2011.05353
2011.05365
2011.05417
2011.05425
2011.05467
2011.05474
2011.05555
2011.05557
2011.05583
2011.05733
2011.05884
2011.05957

# 2020-11-12
2011.06112
2011.06135
2011.06150
2011.06166
2011.06173
2011.06204
2011.06475
2011.06481
2011.06530
2011.06535
2011.06545
2011.06551

# 2020-11-15
2011.06660
2011.06767
2011.07001

# 2020-11-16
2011.07378
2011.07414
2011.07585
2011.07827
2011.07879
2011.08054
2011.08097
2011.08119
2011.08165

# 2020-11-17
2011.08447
2011.08448
2011.08806

# 2020-11-18
2011.08944
2011.09093
2011.09110
2011.09262
2011.09375
2011.09416
2011.09441

# 2020-11-19
2011.09495
2011.09591
2011.09675
2011.09823
2011.09872
2011.09936
2011.09986
2011.10008
2011.10014

# 2020-11-25
2011.10385
2011.10450
2011.10528
2011.10712
2011.10892
2011.10978
2011.10989
2011.11282
2011.11670
2011.11706
2011.11767
2011.11877
2011.11918
2011.12155

# 2020-11-25
2011.12465
2011.12480
2011.12500
2011.12823

# 2020-11-29
2011.13248
2011.13426
2011.13485
2011.13550
2011.13702
2011.13908

# 2020-11-30
2011.14192
2011.14291
2011.14450
2011.14490
2011.14719
2011.14722
2011.14730
2011.14801
2011.14849
2011.15019
2011.15074

# 2020-12-01
2012.00079
2012.00086
2012.00193
2012.00330
2012.00689

# 2020-12-02
2012.01199
2012.01226
2012.01276

# 2020-12-03
2012.01420
2012.01530
2012.01752
2012.01764
2012.01845
2012.01880
2012.01920

# 2020-12-06
2012.01085
2012.02210
2012.02243
2012.02335
2012.02513
2012.02551
2012.02619
2012.02701

# 2020-12-07
2012.03138
2012.03143
2012.03348
2012.03367
2012.03415
2012.03582
2012.03612
2012.03879
2012.03883
2012.03923

# 2020-12-08
2012.03938
2012.04090
2012.04211
2012.04327
2012.04437

# 2020-12-09
2012.04679
2012.04868
2012.04910
2012.05086
2012.05132
2012.05233

# 2020-12-10
2012.05398
2012.05430
2012.05460
2012.05564
2012.05682
2012.05869

# 2020-12-13
2012.05974
2012.06304
2012.06370
2012.06519

# 2020-12-14
2012.06702
2012.06713
2012.06779
2012.07056
2012.07457
2012.07497
2012.07514
2012.07556
2012.07678
2012.07764
2012.07774
2012.07804

# 2020-12-15
2012.07833
2012.07892
2012.08231
2012.08379
2012.08476

# 2020-12-16
2012.08735
2012.08897
2012.08909
2012.09153

# 2020-12-17
2012.09194
2012.09376
2012.09385
2012.09451
2012.09475
2012.09476
2012.09502
2012.09720
2012.09770
2012.09804
2012.09814

# 2020-12-20
2012.10026
2012.10281

# 2020-12-21
2012.10976
2012.11188
2012.11266
2012.11394

# 2020-12-22
2012.11702
2012.11742
2012.12059
2012.12216

# 2020-12-23
2012.12594
2012.12607
2012.12770
2012.12798
2012.12828
2012.12831
2012.12838

# 2020-12-24
2012.13329

# 2020-12-28
2012.13764
2012.13976
2012.14079
2012.14095
2012.14169
2012.14236
2012.14412

# 2020-12-31
2012.15056
2012.15279
2012.15347
2012.15675
2012.15775

# 2021-01-04
2101.00003
2101.00061
2101.00211
2101.00694
2101.00717
2101.00718
2101.01100
2101.01146
2101.01151

# 2021-01-05
2012.12717
2101.01533

# 2021-01-06
2101.01945
2101.02003
2101.02142
2101.02153

# 2021-01-07
2101.02209
2101.02311
2101.02312
2101.02570
2101.02574

# 2021-01-10
2101.02429
2101.02854

# 2021-01-11
2101.03258
2101.03519
2101.03574
2101.03652
2101.03800

# 2021-01-12
2101.04633

# 2021-01-13
2101.05033
2101.05142
2101.05235

# 2021-01-14
2101.05549
2101.05597
2101.05719
2101.05792

# 2021-01-17
2101.06192

# 2021-01-18
2101.06361
2101.06645
2101.06998
2101.07000
2101.07026
2101.07149
2101.07152
2101.07155
2101.07233
2101.07237

# 2021-01-19
2101.07428
2101.07495
2101.07546
2101.07550
2101.07590
2101.07696

# 2021-01-20
2101.07813
2101.07856
2101.08141

# 2021-01-21
2101.08377
2101.08381
2101.08600
2101.08735

# 2021-01-24
2101.09005
2101.09147

# 2021-01-25
2101.09332
2101.09336
2101.09414
2101.09528
2101.09592
2101.09693
2101.09736
2101.09918

# 2021-01-26
2101.10639
2101.10742
2101.10882
2101.10907

# 2021-01-27
2101.11070
2101.11087
2101.11152
2101.11300
2101.11500
2101.11514
2101.11559

# 2021-01-28
2101.11727
2101.11750
2101.11783
2101.11934
2101.12018
2101.12033

# 2021-01-31
2101.12334
2101.12341
2101.12524
2101.12568
2101.12621

# 2021-02-01
2102.00134
2102.00314
2102.00512
2102.00556
2102.00949
2102.01046

# 2021-02-02
2102.01124
2102.01540
2102.01570
2102.01626

# 2021-02-03
2102.00551

# 2021-02-03
2102.00855

# 2021-02-03
2102.01730
2102.01738

# 2021-02-04
2101.12582
2102.02440
2102.02484
2102.02624
2102.02708

# 2021-02-07
2102.02873
2102.03004
2102.03117
2102.03173
2102.03277
2102.03304

# 2021-02-08
2102.03404
2102.03434
2102.03537
2102.03857
2102.03905
2102.04107
2102.04187
2102.04245
2102.04325
2102.04340

# 2021-02-09
2102.04539
2102.04657
2102.04703
2102.04769
2102.04770
2102.04907
2102.04931
2102.04984
2102.04993
2102.05019
2102.05028

# 2021-02-10
2102.05168
2102.05174
2102.05209
2102.05536
2102.05548
2102.05566
2102.05632

# 2021-02-11
2102.05733
2102.06043
2102.06068
2102.06181

# 2021-02-14
2102.06427
2102.06480
2102.06543
2102.06565
2102.06635
2102.06652
2102.06673

# 2021-02-15
2102.06783
2102.06805
2102.06833
2102.06901
2102.06939
2102.06977
2102.07011
2102.07089
2102.07113
2102.07154
2102.07173
2102.07528
2102.07587
2102.07622
2102.07740

# 2021-02-16
2102.07980
2102.08076
2102.08173
2102.08243
2102.08342
2102.08348
2102.08349

# 2021-02-17
2102.08529
2102.08569
2102.08703
2102.08765
2102.08808
2102.08905

# 2021-02-18
2102.09002
2102.09149
2102.09294
2102.09384
2102.09413
2102.09432
2102.09544

# 2021-02-21
2102.09791
2102.09798
2102.09820
2102.09889
2102.09921
2102.10027
2102.10077

# 2021-02-22
2102.10174
2102.10196
2102.10509
2102.10568
2102.10814
2102.10892
2102.11169
2102.11251

# 2021-02-23
2102.11349
2102.11360
2102.11489
2102.11548
2102.11660
2102.11727
2102.11728
2102.11782
2102.11797
2102.11854

# 2021-02-24
2102.11991
2102.11992
2102.12279
2102.12351

# 2021-02-25
2102.12604
2102.12610
2102.12646
2102.12772
2102.12822
2102.12824
2102.12975
2102.13095
2102.13098

# 2021-02-28
2102.13220
2102.13298
2102.13409

# 2021-03-01
2103.00041
2103.00864
2103.00882
2103.01024

# 2021-03-02
2103.01398
2103.01872

# 2021-03-03
2103.01628
2103.02589

# 2021-03-04
2103.02914
2103.02916
2103.02936
2103.02972
2103.03035
2103.03238

# 2021-03-07
2103.03264
2103.03294
2103.03346
2103.03468
2103.03653
2103.03868

# 2021-03-08
2103.03914
2103.03959
2103.04049
2103.04447
2103.04451
2103.04452
2103.04502
2103.04543
2103.04668
2103.04934
2103.04961

# 2021-03-09
2103.05387
2103.05588
2103.05593
2103.05631

# 2021-03-10
2103.05933
2103.05952
2103.06102
2103.06218

# 2021-03-11
2103.06536
2103.06614
2103.06649
2103.06665
2103.06707

# 2021-03-14
2103.06914
2103.06931
2103.07027
2103.07257
2103.07360
2103.07445
2103.07459

# 2021-03-15
2103.07510
2103.07522
2103.07692
2103.07809
2103.07842
2103.08215
2103.08281
2103.08394
2103.08538
2103.08539
2103.08589

# 2021-03-16
2103.08683
2103.08742
2103.08743
2103.09033
2103.09115
2103.09211

# 2021-03-17
2103.09320
2103.09497
2103.09609
2103.09715
2103.09807

# 2021-03-18
2103.09952
2103.09999
2103.10115
2103.10244

# 2021-03-22
2103.11271
2103.11469
2103.11595
2103.11604
2103.11609
2103.11669

# 2021-03-23
2103.12355
2103.12468
2103.12598

# 2021-03-24
2103.12862
2103.12878
2103.12899
2103.12908
2103.13024
2103.13322
2103.13331

# 2021-03-25
2103.13577
2103.13694
2103.13940
2103.13969

# 2021-03-28
2103.14134
2103.14511
2103.14599

# 2021-03-29
2103.14847
2103.15037
2103.15214
2103.15217
2103.15246
2103.15337
2103.15703

# 2021-03-30
2103.16251
2103.16390
2103.16416

# 2021-03-31
2103.16796
2103.16811
2103.17041

# 2021-04-01
2104.00104
2104.00406

# 2021-04-04
2104.00750
2104.00785
2104.00792
2104.00927
2104.01130
2104.01173

# 2021-04-05
2104.01661
2104.01736
2104.01841
2104.01993
2104.02050

# 2021-04-06
2104.02363
2104.02519
2104.02563
2104.02564

# 2021-04-07
2104.02752
2104.02886
2104.02998
2104.03138
2104.03221

# 2021-04-08
2104.03461
2104.03591
2104.03932

# 2021-04-11
2104.04037
2104.04040
2104.04356

# 2021-04-12
2103.10315
2104.04711
2104.04908
2104.05065
2104.05200
2104.05288
2104.05322
2104.05323
2104.05425
2104.05480

# 2021-04-13
2104.05771
2104.06085

# 2021-04-14
2104.06636
2104.06696
2104.06933

# 2021-04-15
2104.07166
2104.07205
2104.07247
2104.07293
2104.07454
2104.07463
2104.07582

# 2021-04-18
2104.07710
2104.07898
2104.08003
2104.08015
2104.08163

# 2021-04-19
2104.08470
2104.08501
2104.08616
2104.08759
2104.09002

# 2021-04-20
2104.09884
2104.09950
2104.10124

# 2021-04-21
2104.10343
2104.10570
2104.10593
2104.10621
2104.10668

# 2021-04-22
2104.11192

# 2021-04-25
2104.11670

# 2021-04-26
2104.11808
2104.11955
2104.12212
2104.12286
2104.12337
2104.12523

# 2021-04-27
2104.12800
2104.13097
2104.13098
2104.13209

# 2021-04-28
2104.13681
2104.13860

# 2021-04-29
2104.13983
2104.14171
2104.14316
2104.14384
2104.14395
2104.14404
2104.14415
2104.14436
2104.14476
2104.14510

# 2021-05-02
2104.14596
2104.14647
2104.14818
2104.15075

# 2021-05-03
2105.00110
2105.00254
2105.00287
2105.00299
2105.00419
2105.00443
2105.00524
2105.00603
2105.00689
2105.00761
2105.00770
2105.00857

# 2021-05-04
2105.01138
2105.01149
2105.01161
2105.01193
2105.01201
2105.01265
2105.01413
2105.01427
2105.01459
2105.01465
2105.01469
2105.01582
2105.01615

# 2021-05-05
2105.01699
2105.01751
2105.01780
2105.01782
2105.01784
2105.01785
2105.01833
2105.01963
2105.02022
2105.02084
2105.02110

# 2021-05-06
2105.02681
2105.02722
2105.02736
2105.02806
2105.02837

# 2021-05-09
2105.02908
2105.02910
2105.03028
2105.03249
2105.03273

# 2021-05-10
2105.03531
2105.03697
2105.03831
2105.04146
2105.04228

# 2021-05-11
2105.04588
2105.04649
2105.04660
2105.04661
2105.04700
2105.04802
2105.04809
2105.04847
2105.04856
2105.05062

# 2021-05-12
2105.05431
2105.05500
2105.05503
2105.05555
2105.05574
2105.05575
2105.05626
2105.05685

# 2021-05-13
2105.05879
2105.05911
2105.05984
2105.06030
2105.06145
2105.06349
2105.06357
2105.06399

# 2021-05-16
2105.05698
2105.06744
2105.06889
2105.06932
2105.06935
2105.06944

# 2021-05-17
2105.07120
2105.07203
2105.07480
2105.07511
2105.07517
2105.07525
2105.07529
2105.07531
2105.07608
2105.07968

# 2021-05-18
2105.08098
2105.08215
2105.08309
2105.08335
2105.08356
2105.08490
2105.08540
2105.08549
2105.08675

# 2021-05-19
2105.08917
2105.08980
2105.09145

# 2021-05-20
2105.09439
2105.09566
2105.09602
2105.09675

# 2021-05-23
2105.10094

# 2021-05-24
2105.10595
2105.10742
2105.11250

# 2021-05-25
2105.11845
2105.11919
2105.11996
2105.12003
2105.12093

# 2021-05-26
2105.12150
2105.12237
2105.12407
2105.12490

# 2021-05-27
2105.12758
2105.12994
2105.13055
2105.13172
2105.13287

# 2021-05-30
2105.13615
2105.13729

# 2021-05-31
2105.14260
2105.14369
2105.14527
2105.14629
2105.14882
2105.14887
2105.15187

# 2021-06-01
2106.00287
2106.00374
2106.00399
2106.00508

# 2021-06-02
2106.00714
2106.00875
2106.00909
2106.00937
2106.01036

# 2021-06-03
2106.01382
2106.01496
2106.01567
2106.01853
2106.01880
2106.01894
2106.02005

# 2021-06-06
2106.02066
2106.02113
2106.02114
2106.02129
2106.02233
2106.02335
2106.02353
2106.02397

# 2021-06-07
2106.02703
2106.02762
2106.02812
2106.02942
2106.02947
2106.02981
2106.03058
2106.03107
2106.03214
2106.03305
2106.03366
2106.03425
2106.03462
2106.03476
2106.03545
2106.03555
2106.03824
2106.03845

# 2021-06-08
2106.03943
2106.03969
2106.04086
2106.04191
2106.04299
2106.04332
2106.04486

# 2021-06-09
2106.04633
2106.05245

# 2021-06-10
2106.05424
2106.05480
2106.05513
2106.05610
2106.05761
2106.05900
2106.05939
2106.05947

# 2021-06-13
2106.06026
2106.06249
2106.06308
2106.06453

# 2021-06-14
2106.06580
2106.06601
2106.06892
2106.06925
2106.06950
2106.07059
2106.07152

# 2021-06-15
2106.08003
2106.08078

# 2021-06-16
2106.08448
2106.08696

# 2021-06-17
2106.09207
2106.09350
2106.09374

# 2021-06-20
2106.09907
2106.09917
2106.10049

# 2021-06-21
2106.10321
2106.10386
2106.10744
2106.11178

# 2021-06-22
2106.11372
2106.11675
2106.11689
2106.11744
2106.11863
2106.11877
2106.11886

# 2021-06-23
2106.12249
2106.12293
2106.12341

# 2021-06-24
2106.12710
2106.13078
2106.13154
2106.13210

# 2021-06-27
2106.13602

# 2021-06-28
2106.13860
2106.14116
2106.14354
2106.14408
2106.14601
2106.14756
2106.14757
2106.14840
2106.14869

# 2021-06-29
2106.14935
2106.14980
2106.15018
2106.15034
2106.15212
2106.15234
2106.15256
2106.15524
2106.15585
2106.15596

# 2021-06-30
2106.15731
2106.15740
2106.15907
2106.15969
2106.15992
2106.16015
2106.16172
2106.16173
2106.16180
2106.16213
2106.16218

# 2021-07-01
2106.14020

# 2021-07-01
2107.00072
2107.00145
2107.00216
2107.00223
2107.00251
2107.00314
2107.00341
2107.00572
2107.00629

# 2021-07-04
2107.00086
2107.00097
2107.00850
2107.00995
2107.01133

# 2021-07-05
2107.01235
2107.01335
2107.01428
2107.01520
2107.01609
2107.01673
2107.01721
2107.01778
2107.02027
2107.02139

# 2021-07-06
2107.02239
2107.02320
2107.02554
2107.02573
2107.02578
2107.02581
2107.02617
2107.02748

# 2021-07-07
2107.02882
2107.02922
2107.02956
2107.02987
2107.03020
2107.03092
2107.03133
2107.03171

# 2021-07-08
2107.03485
2107.03569
2107.03778
2107.03821
2107.03885

# 2021-07-11
2107.04100
2107.04300
2107.04321
2107.04482
2107.04547

# 2021-07-12
2107.04699
2107.04706
2107.04763
2107.04993
2107.05018
2107.05128
2107.05161
2107.05198
2107.05296
2107.05355
2107.05407
2107.05434
2107.05486
2107.05518
2107.05524
2107.05567

# 2021-07-13
2107.02060

# 2021-07-13
2107.05717
2107.05753
2107.05793
2107.05810
2107.05886
2107.05972
2107.06111
2107.06121
2107.06156
2107.06232
2107.06261

# 2021-07-14
2107.05690
2107.06309
2107.06329
2107.06399
2107.06406
2107.06582
2107.06715
2107.06785
2107.06817
2107.06876

# 2021-07-15
2107.06889
2107.06951
2107.07038
2107.07141
2107.07347
2107.07359
2107.07386
2107.07387

# 2021-07-18
2107.07623
2107.07792
2107.07815
2107.07841

# 2021-07-19
2107.08090
2107.08102
2107.08444
2107.08480
2107.08542
2107.08676
2107.08848

# 2021-07-20
2107.09173
2107.09320
2107.09423
2107.09471

# 2021-07-21
2107.09703
2107.09735
2107.09790
2107.09885
2107.10196

# 2021-07-22
2107.10689
2107.10764
2107.10797
2107.10822

# 2021-07-25
2107.10986
2107.11205

# 2021-07-26
2107.11623
2107.11663
2107.11712
2107.11784
2107.11806
2107.11886
2107.12245
2107.12267
2107.12332

# 2021-07-27
2107.12973

# 2021-07-28
2107.13282
2107.13309

# 2021-07-29
2107.13658
2107.13809
2107.14126

# 2021-08-01
2107.14525
2107.14550
2107.14646
2107.14692
2107.14799

# 2021-08-02
2107.04837
2107.14010
2108.00059
2108.00081
2108.00102
2108.00433
2108.00665
2108.00794
2108.00914
2108.00931
2108.01038

# 2021-08-03
2108.01161
2108.01292
2108.01430

# 2021-08-04
2108.01992
2108.02025
2108.02041
2108.02109
2108.02119

# 2021-08-05
2108.02288
2108.02534
2108.02585

# 2021-08-08
2108.03022
2108.03171
2108.03193

# 2021-08-09
2108.02686

# 2021-08-09
2108.03335
2108.03455
2108.03462
2108.03529
2108.03867
2108.03868
2108.03877
2108.03882
2108.04000
2108.04102

# 2021-08-10
2108.04563
2108.04564
2108.04566
2108.04590
2108.04604

# 2021-08-11
2108.04842
2108.05244

# 2021-08-12
2108.05581
2108.05696
2108.05697

# 2021-08-15
2108.06049
2108.06263
2108.06273

# 2021-08-16
2108.06389
2108.06891
2108.06984
2108.07160
2108.07187
2108.07192

# 2021-08-17
2108.07405
2108.07551

# 2021-08-18
2108.07880
2108.07992
2108.08228

# 2021-08-19
2108.08406
2108.08558
2108.08613
2108.08780
2108.08825

# 2021-08-20
2108.05000

# 2021-08-22
2108.08953
2108.09061
2108.09115
2108.09269

# 2021-08-23
2108.09337
2108.09363
2108.09367
2108.09483
2108.09606
2108.09673
2108.09851
2108.09887
2108.10076
2108.10195
2108.10208

# 2021-08-24
2108.10398
2108.10461
2108.10547
2108.10776
2108.10808

# 2021-08-26
2108.11443
2108.11549
2108.11874
2108.11889

# 2021-09-01
2108.12172
2108.12464
2108.12477
2108.12500
2108.12628
2108.12687
2108.12751
2108.12779
2108.12812
2108.12840
2108.12879
2108.13076
2108.13086
2108.13110
2108.13113
2108.13179
2108.13338
2108.13544
2108.13578

# 2021-09-02
2109.00389

# 2021-09-03
2109.00579
2109.00637
2109.00653
2109.00657
2109.00757
2109.01064
2109.01080

# 2021-09-05
2109.01283
2109.01342
2109.01392
2109.01494
2109.01585

# 2021-09-06
2109.01719
2109.01795
2109.01838
2109.01872
2109.01875
2109.02065
2109.02115
2109.02156
2109.02213
2109.02515
2109.02600

# 2021-09-07
2109.01014

# 2021-09-07
2109.02732
2109.02733
2109.02743
2109.03025
2109.03107

# 2021-09-08
2109.03744

# 2021-09-09
2109.03902
2109.04025
2109.04368
2109.04415

# 2021-09-12
2109.04525
2109.04529
2109.04567
2109.04862
2109.04863

# 2021-09-13
2109.05290
2109.05621
2109.05622
2109.05806
2109.05921
2109.05946
2109.05956
2109.06004
2109.06042
2109.06084

# 2021-09-14
2109.06403
2109.06561
2109.06593
2109.06601
2109.06608
2109.06622
2109.06755
2109.06788

# 2021-09-15
2109.06917
2109.06941
2109.07302

# 2021-09-16
2109.07524
2109.07708
2109.07924
2109.08042

# 2021-09-19
2109.08220
2109.08281
2109.08322
2109.08323

# 2021-09-20
2109.09155
2109.09663

# 2021-09-21
2109.10048
2109.10094
2109.10203
2109.10333

# 2021-09-22
2109.10670
2109.10708
2109.10833

# 2021-09-23
2109.11130
2109.11203
2109.11244
2109.11330
2109.11498
2109.11505

# 2021-09-26
2109.11725

# 2021-09-27
2109.12140
2109.12381
2109.12643
2109.12682

# 2021-09-28
2109.13346
2109.13871

# 2021-09-29
2109.13917
2109.14108
2109.14163
2109.14409
2109.14528
2109.14574

# 2021-09-30
2109.14610
2109.14764
2109.14876
2109.14891
2109.15268
2109.15282

# 2021-10-03
2110.00074
2110.00254
2110.00287
2110.00495
2110.00548
2110.00562

# 2021-10-04
2110.00627
2110.00692
2110.00734
2110.00744
2110.00776
2110.00900
2110.01070
2110.01096
2110.01173
2110.01213
2110.01391
2110.01415

# 2021-10-05
2110.01684
2110.01732
2110.01868
2110.01901
2110.01913

# 2021-10-06
2110.02300
2110.02487
2110.02538
2110.02543
2110.02709
2110.02730
2110.02750
2110.02809
2110.02830

# 2021-10-07
2110.03279
2110.03460
2110.03624

# 2021-10-10
2110.03836
2110.04190
2110.04191

# 2021-10-11
2110.04574
2110.04606
2110.04622
2110.04637
2110.04651
2110.04657
2110.04865
2110.04933
2110.05000
2110.05168
2110.05305

# 2021-10-12
2110.05517
2110.05518
2110.05630
2110.05746
2110.05901
2110.05917
2110.05942
2110.06146
2110.06172

# 2021-10-13
2110.06211
2110.06656
2110.06758
2110.06840

# 2021-10-14
2110.06942
2110.06964

# 2021-10-17
2110.07706
2110.07781
2110.07847

# 2021-10-18
2110.08325
2110.08354
2110.08677
2110.08898
2110.08961
2110.08973
2110.09068
2110.09069
2110.09102
2110.09332
2110.09369
2110.09504

# 2021-10-18
2110.09343

# 2021-10-19
2110.09696
2110.09937
2110.10091
2110.10099

# 2021-10-21
2110.10283
2110.10685
2110.10701
2110.10725
2110.10984

# 2021-10-24
2110.11439
2110.11585
2110.11613
2110.11712
2110.11721
2110.11851

# 2021-10-25
2110.12071
2110.12421
2110.12616
2110.12652
2110.12699
2110.12928
2110.13014
2110.13086

# 2021-10-26
2110.13261
2110.13324
2110.13350
2110.13563
2110.13752

# 2021-10-27
2110.14045
2110.14206
2110.14453
2110.14498
2110.14596
2110.14607

# 2021-10-28
2110.14815
2110.14859
2110.14948
2110.15015
2110.15098
2110.15221
2110.15260

# 2021-10-31
2110.15419
2110.15421
2110.15466
2110.15567
2110.15587
2110.15693
2110.15757
2110.15809
2110.15891
2110.15944

# 2021-11-01
2111.00282
2111.00468
2111.00486
2111.00721
2111.01019
2111.01060

# 2021-11-02
2111.01254
2111.01378
2111.01551
2111.01576

# 2021-11-03
2111.01874
2111.01904
2111.01997
2111.02008
2111.02022
2111.02025
2111.02125
2111.02138
2111.02200
2111.02234
2111.02277
2111.02295
2111.02296
2111.02361

# 2021-11-04
2111.02318
2111.02544
2111.02572
2111.02591
2111.02657
2111.02688
2111.02755
2111.02967
2111.02992
2111.02999
2111.03005
2111.03033

# 2021-11-07
2111.03142
2111.03171
2111.03213
2111.03221
2111.03247
2111.03360
2111.03361
2111.03450
2111.03479
2111.03492
2111.03559
2111.03560
2111.03639

# 2021-11-08
2111.03725
2111.03898
2111.03953
2111.04011
2111.04044
2111.04066
2111.04254
2111.04332
2111.04335
2111.04359
2111.04543
2111.04556
2111.04595

# 2021-11-09
2111.04808
2111.04897
2111.04958
2111.05000
2111.05001
2111.05207
2111.05225
2111.05320
2111.05321

# 2021-11-10
2111.05518
2111.05545
2111.05578

# 2021-11-11
2111.05874
2111.05881
2111.05896
2111.06026
2111.06163
2111.06169
2111.06213
2111.06267
2111.06299
2111.06308
2111.06338

# 2021-11-14
2111.06527
2111.06654
2111.06757
2111.06878

# 2021-11-15
2111.06967
2111.07059
2111.07222
2111.07360
2111.07372
2111.07414
2111.07481
2111.07483
2111.07572
2111.07629
2111.07647
2111.07974
2111.07992

# 2021-11-16
2111.08100
2111.08131
2111.08262
2111.08264
2111.08520
2111.08646

# 2021-11-17
2111.08916
2111.08959
2111.08969
2111.08975
2111.09040
2111.09049
2111.09079
2111.09250
2111.09256
2111.09305

# 2021-11-18
2111.09375
2111.09376
2111.09472
2111.09671
2111.09762
2111.09787

# 2021-11-21
2111.09947
2111.10041
2111.10048
2111.10086
2111.10092
2111.10095
2111.10184
2111.10257
2111.10352
2111.10368

# 2021-11-22
2111.10409
2111.10436
2111.10577
2111.10626
2111.10699
2111.10818
2111.10830
2111.10912
2111.10939
2111.10980
2111.11072
2111.11139

# 2021-11-23
2111.06105
2111.11460
2111.11528
2111.11532
2111.11834
2111.11897
2111.12011

# 2021-11-24
2111.12217
2111.12493
2111.12641

# 2021-11-28
2111.09444
2111.13054
2111.13198
2111.13222
2111.13238
2111.13240
2111.13263
2111.13269
2111.13464
2111.13476
2111.13621

# 2021-11-29
2111.13748
2111.13936
2111.14005
2111.14033
2111.14148
2111.14196
2111.14759
2111.14771
2111.14807

# 2021-11-30
2111.14974
2111.15330

# 2021-12-01
2112.00004
2112.00006
2112.00098
2112.00386
2112.00519
2112.00604
2112.00655
2112.00673
2112.00722

# 2021-12-02
2112.00792
2112.01042
2112.01090
2112.01104
2112.01108
2112.01140

# 2021-12-05
2112.01647
2112.01657
2112.01710
2112.01781
2112.02040

# 2021-12-06
2112.02152
2112.02234
2112.02248
2112.02380
2112.02408
2112.02427
2112.02626
2112.02927
2112.03059
2112.03120
2112.03183
2112.03222
2112.03255

# 2021-12-07
2112.03329
2112.03337
2112.03484
2112.03638
2112.03677
2112.03744
2112.03898

# 2021-12-08
2112.03442
2112.03983
2112.04017
2112.04118
2112.04343

# 2021-12-09
2112.04549
2112.04669
2112.05004
2112.05070

# 2021-12-12
2112.05403
2112.05415
2112.05422
2112.05426
2112.05725

# 2021-12-13
2112.05831
2112.05994
2112.06062
2112.06072
2112.06154
2112.06172
2112.06278
2112.06282
2112.06319
2112.06369
2112.06582
2112.06590

# 2021-12-14
2112.06916
2112.06990
2112.07140
2112.07197
2112.07204
2112.07449
2112.07499
2112.07532

# 2021-12-15
2112.07884
2112.07897
2112.07914

# 2021-12-16
2112.08481
2112.08501
2112.08797
2112.08859
2112.08953
2112.09055

# 2021-12-19
2112.09248
2112.09250
2112.09345
2112.09383
2112.09479

# 2021-12-20
2112.09992
2112.10020
2112.10250
2112.10522
2112.10562

# 2021-12-21
2112.10913
2112.10973
2112.11016
2112.11044

# 2021-12-22
2112.11487
2112.11602
2112.11607
2112.11686
2112.11769
2112.11799
2112.11831
2112.11927

# 2021-12-23
2112.12340
2112.12430
2112.12435
2112.12704
2112.12746

# 2021-12-27
2112.12795
2112.13005
2112.13045
2112.13175
2112.13190
2112.13205
2112.13319

# 2021-12-29
2112.13847
2112.14102
2112.14242
2112.14414
2112.14682

# 2022-01-02
2112.14954
2112.15233
2112.15361
2112.15488

# 2022-01-03
2201.00135
2201.00234
2201.00311
2201.00430

# 2022-01-04
2201.00857
2201.00945
2201.01013

# 2022-01-05
2201.01363
2201.01436
2201.01470
2201.01493

# 2022-01-06
2201.01824
2201.01904
2201.01952
2201.02173

# 2022-01-09
2201.02248
2201.02401

# 2022-01-10
2201.02728
2201.02905
2201.03000
2201.03041
2201.03142
2201.03220
2201.03301
2201.03318
2201.03375

# 2022-01-11
2201.03615
2201.03813
2201.03820
2201.03876
2201.04061
2201.04118

# 2022-01-12
2201.04354
2201.04506
2201.04563
2201.04617

# 2022-01-13
2201.04678

# 2022-01-16
2201.05218
2201.05390
2201.05465
2201.05566

# 2022-01-18
2201.05654
2201.05662
2201.05674
2201.06084
2201.06252
2201.06432
2201.06492
2201.06533
2201.06543
2201.06553
2201.06621
2201.06836
2201.06904

# 2022-01-18
2201.07103
2201.07164
2201.07206

# 2022-01-19
2201.07265
2201.07736
2201.07791

# 2022-01-20
2201.08005
2201.08207
2201.08225

# 2022-01-23
2201.08446
2201.08481
2201.08498
2201.08501
2201.08647
2201.08753
2201.08788

# 2022-01-24
2201.08895
2201.08940
2201.08988
2201.09034
2201.09433
2201.09749
2201.09818

# 2022-01-25
2201.10011
2201.10049
2201.10106
2201.10350
2201.10372

# 2022-01-26
2201.10574
2201.10595
2201.10835
2201.10997

# 2022-01-27
2201.11326
2201.11369
2201.11587
2201.11655
2201.11731

# 2022-01-30
2201.12273
2201.12312

# 2022-01-31
2201.12374
2201.12454
2201.12684
2201.12710
2201.12772
2201.12790
2201.12811
2201.12870
2201.12923
2201.12937
2201.13056
2201.13099
2201.13106
2201.13119
2201.13140
2201.13320
2201.13410
2201.13450

# 2022-02-01
2202.00054
2202.00394
2202.00543
2202.00648

# 2022-02-02
2202.00854
2202.01054
2202.01103

# 2022-02-03
2202.01248
2202.01274
2202.01636
2202.01678
2202.01746

# 2022-02-06
2202.02010
2202.02046
2202.02174
2202.02188
2202.02305

# 2022-02-07
2202.02660
2202.02782
2202.02891
2202.02942
2202.02948
2202.02999
2202.03061
2202.03322

# 2022-02-08
2202.03746
2202.04047

# 2022-02-09
2202.04246
2202.04377
2202.04551

# 2022-02-10
2202.04724
2202.04932
2202.04982
2202.05011
2202.05127
2202.05165
2202.05258

# 2022-02-13
2202.05444
2202.05562
2202.05651
2202.05693
2202.05710
2202.05776

# 2022-02-14
2202.00619
2202.05880
2202.05907
2202.05913
2202.05955
2202.06259
2202.06428
2202.06584
2202.06708
2202.06826
2202.06827
2202.06838
2202.06898
2202.06925

# 2022-02-15
2202.06949
2202.07377

# 2022-02-16
2202.07736
2202.07761
2202.07793
2202.07932
2202.07961
2202.08106
2202.08119
2202.08186
2202.08214

# 2022-02-17
2202.08296
2202.08349
2202.08357
2202.08445
2202.08544
2202.08688
2202.08704
2202.08737

# 2022-02-20
2202.08870
2202.08896
2202.08907
2202.08909
2202.08996
2202.09024
2202.09194
2202.09253
2202.09309

# 2022-02-21
2202.06115
2202.09495
2202.09685
2202.09697
2202.09718
2202.09883
2202.09892
2202.09991
2202.10195
2202.10254
2202.10314
2202.10384

# 2022-02-22
2202.10515
2202.10529
2202.10747
2202.10846
2202.10880
2202.10908
2202.10969
2202.10970

# 2022-02-23
2202.11234
2202.11250
2202.11562
2202.11582
2202.11595

# 2022-02-24
2202.11885
2202.11927
2202.11955
2202.11988
2202.12042
2202.12055
2202.12073
2202.12293

# 2022-02-27
2202.12438
2202.12599

# 2022-02-28
2202.12918
2202.13014
2202.13016
2202.13088
2202.13103
2202.13298
2202.13335
2202.13340
2202.13620
2202.13641
2202.13661
2202.13727
2202.13810
2202.13955

# 2022-03-01
2203.00164
2203.00212
2203.00362
2203.00671

# 2022-03-02
2202.13924
2203.00751
2203.01071
2203.01082
2203.01114
2203.01141
2203.01161
2203.01255
2203.01297

# 2022-03-03
2203.01647

# 2022-03-06
2203.02314
2203.02478

# 2022-03-07
2203.02815
2203.02832
2203.02968
2203.02992
2203.03229
2203.03319
2203.03358
2203.03456
2203.03525
2203.03526
2203.03591
2203.03600
2203.03604

# 2022-03-08
2203.03697
2203.03858
2203.04142
2203.04250
2203.04253

# 2022-03-09
2203.04536
2203.04774
2203.04788
2203.04836

# 2022-03-10
2203.05019
2203.05022
2203.05207
2203.05221
2203.05364
2203.05446
2203.05532

# 2022-03-13
2203.05599
2203.05887
2203.05888
2203.06039
2203.06168

# 2022-03-14
2203.06630
2203.06718
2203.06766
2203.07016
2203.07079

# 2022-03-15
2203.07401
2203.07407
2203.07686
2203.07717
2203.07771
2203.07937
2203.07941
2203.08002

# 2022-03-16
2203.08328
2203.08356
2203.08364
2203.08592
2203.08733

# 2022-03-17
2203.08815
2203.08848
2203.08885
2203.08894
2203.09219
2203.09233
2203.09284
2203.09334
2203.09361

# 2022-03-20
2203.09552
2203.09572
2203.09659
2203.09728
2203.09868
2203.10070
2203.10077

# 2022-03-21
2203.10193
2203.10201
2203.10630
2203.10760
2203.10984
2203.11079

# 2022-03-22
2203.11361
2203.11667
2203.11675

# 2022-03-23
2203.12214
2203.12246
2203.12364
2203.12386

# 2022-03-24
2203.12997
2203.13073
2203.13095
2203.13146
2203.13233

# 2022-03-27
2203.13435
2203.13522
2203.13654

# 2022-03-28
2203.13899
2203.13902
2203.13913
2203.13936
2203.14225
2203.14379
2203.14384
2203.14614
2203.14798

# 2022-03-28
2203.14864
2203.14927

# 2022-03-29
2203.15109
2203.15246
2203.15260
2203.15429
2203.15509
2203.15544
2203.15627
2203.15667
2203.15724
2203.15726
2203.15751

# 2022-03-30
2203.15862
2203.16151
2203.16476

# 2022-03-31
2203.16713
2203.16867
2203.16978
2203.16992
2203.17006
2203.17132
2203.17167
2203.17168

# 2022-04-03
2204.00600

# 2022-04-04
2204.00722
2204.00772
2204.00784
2204.00858
2204.01054
2204.01224
2204.01368

# 2022-04-05
2204.01793
2204.01911
2204.01923
2204.01936
2204.02063
2204.02335

# 2022-04-06
2204.02519
2204.02537
2204.02552
2204.02570
2204.02668
2204.02758
2204.02902

# 2022-04-07
2204.03569

# 2022-04-10
2204.04104
2204.04159
2204.04186

# 2022-04-11
2204.04717
2204.04765
2204.04828
2204.04832
2204.04868
2204.04960

# 2022-04-12
2204.05475
2204.05549
2204.05628
2204.05809
2204.05821
2204.05874

# 2022-04-13
2204.06025
2204.06077
2204.06357

# 2022-04-14
2204.06618
2204.06638
2204.06761
2204.06851
2204.06968
2204.07129
2204.07155

# 2022-04-17
2204.07425

# 2022-04-18
2204.08279

# 2022-04-19
2204.07928

# 2022-04-19
2204.08359

# 2022-04-19
2204.08940
2204.09009
2204.09035

# 2022-04-20
2204.08106

# 2022-04-20
2204.09178

# 2022-04-21
2204.09888
2204.09951
2204.10169
2204.10306

# 2022-04-22
2204.07792
2204.07827
2204.08037
2204.08254
2204.08312
2204.09113
2204.09136

# 2022-04-24
2204.10465
2204.10526
2204.10568
2204.10671
2204.10679
2204.10718
2204.10819

# 2022-04-25
2204.10881
2204.10932
2204.11012
2204.11100
2204.11106
2204.11209
2204.11353
2204.11469
2204.11495
2204.11681
2204.11750
2204.11753

# 2022-04-26
2204.11894
2204.12055
2204.12129
2204.12162
2204.12303
2204.12397
2204.12468
2204.12488

# 2022-04-27
2204.12051
2204.12609
2204.12614
2204.12721
2204.12856

# 2022-04-28
2204.13149
2204.13151
2204.13459
2204.13493
2204.13539
2204.13648

# 2022-05-01
2204.13822
2204.14040
2204.14086
2204.14168
2204.14247

# 2022-05-02
2205.00086
2205.00117
2205.00127
2205.00162
2205.00442
2205.00539
2205.00611
2205.00644
2205.00762
2205.00784
2205.00851
2205.01009

# 2022-05-03
2205.00125
2205.01189
2205.01191
2205.01302
2205.01415
2205.01482
2205.01562

# 2022-05-04
2205.02061
2205.02149
2205.02161
2205.02168
2205.02189

# 2022-05-05
2205.02345
2205.02374
2205.02474
2205.02656
2205.02744
2205.02798

# 2022-05-08
2205.03372
2205.03400

# 2022-05-09
2205.03526
2205.03570
2205.03577
2205.03727
2205.03930
2205.03949
2205.04103
2205.04141
2205.04240

# 2022-05-10
2205.04633
2205.04656
2205.04787
2205.04956
2205.04989
2205.05001
2205.05004
2205.05034

# 2022-05-11
2205.05211
2205.05232
2205.05627

# 2022-05-12
2205.05713
2205.05782
2205.06097
2205.06099
2205.06128
2205.06249

# 2022-05-15
2205.06429
2205.06558
2205.06738
2205.06739

# 2022-05-16
2205.06857
2205.07175
2205.07338
2205.07500
2205.07593
2205.07709
2205.07756
2205.07803

# 2022-05-17
2205.07528
2205.08022
2205.08032
2205.08093

# 2022-05-18
2205.08632
2205.08667
2205.09076

# 2022-05-19
2205.09210
2205.09243
2205.09245
2205.09727

# 2022-05-22
2205.09963
2205.10105
2205.10194
2205.10301
2205.10348

# 2022-05-23
2205.10403
2205.10683
2205.10834
2205.10914
2205.10995
2205.11328

# 2022-05-24
2205.11700

# 2022-05-25
2205.12377
2205.12821
2205.12850
2205.12932
2205.12943

# 2022-05-26
2205.12995
2205.13030
2205.13055
2205.13202
2205.13270
2205.13428

# 2022-05-29
2205.13596
2205.13725
2205.13919
2205.13983

# 2022-05-30
2205.14452
2205.14478
2205.14717
2205.14718
2205.14797
2205.14897
2205.14967
2205.14978
2205.14989
2205.15066
2205.15076
2205.15160
2205.15168

# 2022-05-31
2205.15306
2205.15659
2205.16003

# 2022-06-01
2206.00134
2206.00213
2206.00371
2206.00550
2206.00579
2206.00594

# 2022-06-02
2206.00752
2206.00921
2206.00968
2206.01059
2206.01077
2206.01149
2206.01188
2206.01192

# 2022-06-05
2206.01270
2206.01280
2206.01382
2206.01568
2206.01706

# 2022-06-06
2206.01766
2206.02383
2206.02472

# 2022-06-07
2206.02872
2206.03375

# 2022-06-08
2206.03579

# 2022-06-09
2206.04079
2206.04387

# 2022-06-12
2206.04770
2206.04815
2206.04883
2206.05086
2206.05174
2206.05256
2206.05265

# 2022-06-13
2206.05434
2206.05642
2206.05907
2206.05966
2206.06223

# 2022-06-14
2206.06419
2206.06744
2206.06886
2206.06924

# 2022-06-15
2206.07172
2206.07209
2206.07286
2206.07358
2206.07554
2206.07571
2206.07633

# 2022-06-16
2206.08139
2206.08187
2206.08248
2206.08342

# 2022-06-19
2206.08573
2206.08805

# 2022-06-21
2206.09204
2206.09230
2206.09364
2206.09476
2206.09750
2206.09773
2206.09884
2206.10025
2206.10389

# 2022-06-22
2206.10681
2206.11113
2206.11168

# 2022-06-23
2206.11337
2206.11390
2206.11606
2206.11654
2206.11807
2206.11828

# 2022-06-26
2206.12164
2206.12191
2206.12245
2206.12378
2206.12394

# 2022-06-28
2206.05243
2206.12490
2206.12531
2206.12825
2206.12895
2206.13057
2206.13143
2206.13221
2206.13228
2206.13372
2206.13481
2206.13486

# 2022-06-28
2206.13773
2206.13813
2206.13851
2206.13896
2206.13942

# 2022-06-29
2206.14213
2206.14304
2206.14556
2206.14698

# 2022-06-30
2206.14898
2206.14909
2206.15016
2206.15088
2206.15091
2206.15092
2206.15097
2206.15122
2206.15253
2206.15336
2206.15374
2206.15405
2206.15424

# 2022-07-03
2207.00104
2207.00386
2207.00450
2207.00515

# 2022-07-04
2207.00729
2207.00927
2207.01024
2207.01108
2207.01109
2207.01144
2207.01411
2207.01459
2207.01550

# 2022-07-05
2207.01693
2207.02136

# 2022-07-06
2207.02277
2207.02344
2207.02581
2207.02669
2207.02817
2207.02829
2207.02841

# 2022-07-07
2207.03049
2207.03140
2207.03401

# 2022-07-10
2207.03562
2207.03955

# 2022-07-11
2207.04115
2207.04318
2207.04321
2207.04342
2207.04507
2207.04872
2207.04923
2207.04954
2207.04983

# 2022-07-12
2207.05423
2207.05488
2207.05599
2207.05659
2207.05700

# 2022-07-13
2207.05898
2207.05930
2207.05985
2207.06091
2207.06210

# 2022-07-14
2207.06623
2207.06660
2207.06874
2207.06887
2207.07095

# 2022-07-17
2207.07158
2207.07229
2207.07417
2207.07422
2207.07425
2207.07426
2207.07438
2207.07449
2207.07477
2207.07557
2207.07607
2207.07613

# 2022-07-18
2207.07708
2207.07983
2207.08151
2207.08340
2207.08438
2207.08643
2207.08678
2207.08691
2207.08701
2207.08800

# 2022-07-19
2207.08822
2207.08913
2207.09226
2207.09262
2207.09354
2207.09371
2207.09391
2207.09439

# 2022-07-20
2207.09545
2207.09588
2207.09797
2207.09803
2207.09993
2207.09998

# 2022-07-21
2207.10097
2207.10250
2207.10254
2207.10556
2207.10588

# 2022-07-24
2207.10770
2207.10850
2207.10889
2207.11014
2207.11068

# 2022-07-25
2207.11299
2207.11832
2207.11915
2207.12213
2207.12251
2207.12278
2207.12368

# 2022-07-26
2207.12489
2207.12501
2207.13017

# 2022-07-27
2207.13281
2207.13312
2207.13638

# 2022-07-28
2207.13959
2207.14030
2207.14266

# 2022-07-31
2207.14438
2207.14458
2207.14620
2207.14744
2207.14787

# 2022-08-01
2208.00029
2208.00087
2208.00122
2208.00157
2208.00162
2208.00312
2208.00482
2208.00484
2208.00685
2208.00795

# 2022-08-02
2208.01078
2208.01197
2208.01239
2208.01511
2208.01515

# 2022-08-03
2208.01724
2208.01776
2208.01778
2208.01796
2208.01877
2208.01953
2208.02000

# 2022-08-04
2208.02495
2208.02522
2208.02526
2208.02590
2208.02664
2208.02732

# 2022-08-07
2208.02850
2208.02992
2208.03088
2208.03241
2208.03294

# 2022-08-08
2208.03346
2208.03450
2208.03491
2208.04016
2208.04216
2208.04281

# 2022-08-09
2208.04374
2208.04408

# 2022-08-10
2208.05013
2208.05181
2208.05261
2208.05376

# 2022-08-11
2208.05763

# 2022-08-14
2208.05998
2208.06015
2208.06306

# 2022-08-15
2208.06687
2208.06851
2208.07199

# 2022-08-16
2208.07544
2208.07572
2208.07730
2208.07800
2208.07851

# 2022-08-17
2208.08119
2208.08257
2208.08330
2208.08394

# 2022-08-18
2208.08522
2208.08692
2208.08701
2208.08718
2208.08779
2208.08864

# 2022-08-21
2208.09234
2208.09373
2208.09419
2208.09453

# 2022-08-22
2208.09535
2208.09803
2208.09948
2208.10003
2208.10168
2208.10290
2208.10423

# 2022-08-23
2208.10959

# 2022-08-24
2208.11152
2208.11237
2208.11286
2208.11305
2208.11340
2208.11371
2208.11414
2208.11459
2208.11469
2208.11489
2208.11562
2208.11642

# 2022-08-25
2208.11985
2208.12225

# 2022-08-28
2208.12438
2208.12543
2208.12558
2208.12636

# 2022-08-29
2208.12866
2208.12868
2208.12896
2208.13446
2208.13538
2208.13615
2208.13618
2208.13645
2208.13699

# 2022-08-30
2208.06506
2208.13809
2208.13907
2208.14095
2208.14126
2208.14132
2208.14142
2208.14304
2208.14315

# 2022-08-31
2208.14615
2208.14739
2208.14841
2208.14921

# 2022-09-01
2209.00042
2209.00110
2209.00370
2209.00424
2209.00453

# 2022-09-04
2209.00675
2209.00779
2209.00857
2209.01011
2209.01075
2209.01181

# 2022-09-06
2209.01270
2209.01584
2209.01648
2209.01851
2209.01873
2209.01901
2209.01906
2209.01949
2209.02655

# 2022-09-07
2209.02715
2209.02895
2209.02990
2209.03007
2209.03075
2209.03246

# 2022-09-08
2209.03402
2209.03478
2209.03675
2209.03684
2209.03838

# 2022-09-11
2209.03965
2209.04177
2209.04402
2209.04415

# 2022-09-12
2209.04522
2209.04541
2209.04562
2209.04673
2209.04797
2209.04812
2209.04824
2209.04827
2209.04837
2209.04881
2209.04894
2209.04903
2209.05045
2209.05145
2209.05359
2209.05363
2209.05478

# 2022-09-13
2209.05614
2209.05623
2209.05676
2209.05839
2209.06142

# 2022-09-14
2209.06349
2209.06695

# 2022-09-15
2209.06930
2209.06939
2209.07016
2209.07024
2209.07497
2209.07520

# 2022-09-18
2209.07625
2209.07729
2209.07772
2209.07860
2209.08009
2209.08042

# 2022-09-19
2209.08114
2209.08166
2209.08219
2209.08688
2209.08731
2209.08757
2209.08764
2209.08845
2209.08904
2209.09048
2209.09049
2209.09121

# 2022-09-20
2209.09527
2209.09788

# 2022-09-21
2209.09903
2209.10241
2209.10262
2209.10265
2209.10311
2209.10312
2209.10324
2209.10398
2209.10509

# 2022-09-22
2209.10805
2209.11100
2209.11177
2209.11202
2209.11209
2209.11216

# 2022-09-25
2209.11452
2209.11505
2209.11650
2209.11651
2209.11669

# 2022-09-26
2209.12062
2209.12168
2209.12273
2209.12313
2209.12314
2209.12315
2209.12332
2209.12438
2209.12463
2209.12519
2209.12587
2209.12877

# 2022-09-27
2209.13028
2209.13063
2209.13148
2209.13175
2209.13404

# 2022-09-28
2209.13599
2209.13712
2209.13725
2209.14079
2209.14087
2209.14094
2209.14146

# 2022-09-29
2209.14358
2209.14401
2209.14429
2209.14501
2209.14530
2209.14662
2209.14775
2209.14914

# 2022-10-02
2209.15149
2209.15151
2209.15275
2209.15300
2209.15396
2209.15410

# 2022-10-03
2210.00158
2210.00243
2210.00389
2210.00571
2210.00657
2210.01104

# 2022-10-04
2210.01183
2210.01598
2210.01601
2210.01694

# 2022-10-05
2210.01849
2210.01897
2210.02035
2210.02117
2210.02167
2210.02288

# 2022-10-06
2210.02582
2210.02611
2210.02638
2210.02671
2210.02835
2210.02999
2210.03048

# 2022-10-09
2210.03211
2210.03343
2210.03553

# 2022-10-10
2210.03811
2210.03831
2210.03839
2210.03932
2210.03934
2210.04045
2210.04229
2210.04664

# 2022-10-11
2210.05384

# 2022-10-12
2210.05885
2210.05893
2210.05992
2210.06227
2210.06375
2210.06419
2210.06454

# 2022-10-13
2210.06703
2210.06714
2210.06739
2210.06845
2210.07030
2210.07085
2210.07234
2210.07236

# 2022-10-16
2210.07383
2210.07534
2210.07699
2210.07722
2210.07754
2210.07911

# 2022-10-17
2210.08104
2210.08293
2210.08300
2210.08312
2210.08596
2210.09149
2210.09155

# 2022-10-18
2210.09844
2210.09899
2210.09986

# 2022-10-19
2210.10164
2210.10188
2210.10583
2210.10677

# 2022-10-20
2210.11197
2210.11413

# 2022-10-23
2210.11568
2210.11778
2210.11784
2210.11881
2210.11918
2210.11996
2210.12036

# 2022-10-24
2210.12289
2210.12601
2210.12643
2210.12675
2210.12753
2210.12860
2210.12893
2210.13057

# 2022-10-25
2210.13739

# 2022-10-26
2210.14608
2210.14629
2210.14638
2210.14894

# 2022-10-27
2210.15014
2210.15325
2210.15421
2210.15509
2210.15601

# 2022-10-30
2210.15714

# 2022-10-31
2210.16351
2210.16534
2210.16565
2210.17105
2210.17321
2210.17429
2210.17515

# 2022-11-01
2211.00332
2211.00464

# 2022-11-02
2211.00652
2211.00711
2211.00747
2211.01062
2211.01069
2211.01152
2211.01153
2211.01316

# 2022-11-03
2211.01443
2211.01444
2211.01468
2211.01699
2211.01701
2211.01723
2211.01776
2211.01905
2211.01912
2211.01990

# 2022-11-06
2211.02176
2211.02257
2211.02525

# 2022-11-07
2211.02681
2211.02694
2211.02713
2211.02717
2211.02755
2211.02926
2211.03146
2211.03168
2211.03206
2211.03311
2211.03335
2211.03340
2211.03341
2211.03365
2211.03396
2211.03404
2211.03487
2211.03530
2211.03653
2211.03695

# 2022-11-08
2211.03859
2211.03874
2211.03916
2211.03917
2211.04025
2211.04032
2211.04117
2211.04217
2211.04278
2211.04385
2211.04420
2211.04458

# 2022-11-09
2211.04506
2211.04627
2211.04639
2211.04674
2211.04685
2211.04797
2211.04920
2211.04938
2211.04981
2211.04994
2211.05069

# 2022-11-10
2211.05274
2211.05307
2211.05325
2211.05345
2211.05637
2211.05651
2211.05753
2211.05769

# 2022-11-13
2211.05906
2211.05908
2211.06028
2211.06109
2211.06121
2211.06267
2211.06352

# 2022-11-14
2211.06459
2211.06485
2211.06521
2211.06549
2211.06858
2211.06884
2211.06920
2211.07000
2211.07001
2211.07019
2211.07042
2211.07048
2211.07055
2211.07058
2211.07154
2211.07315
2211.07325
2211.07404
2211.07407
2211.07503
2211.07547
2211.07606

# 2022-11-15
2211.07691
2211.07796
2211.07829
2211.07900
2211.07923
2211.08283
2211.08324

# 2022-11-16
2211.08524
2211.08563
2211.08605
2211.09101
2211.09106

# 2022-11-17
2211.09133
2211.09229
2211.09341
2211.09415
2211.09482
2211.09485
2211.09606
2211.09618
2211.09659
2211.09729
2211.09747
2211.09776

# 2022-11-20
2211.10022
2211.10144

# 2022-11-21
2211.10556
2211.10669
2211.10887
2211.11384
2211.11693
2211.11726
2211.11737

# 2022-11-22
2211.11839
2211.11846
2211.11912
2211.11923
2211.12101
2211.12136
2211.12203
2211.12226
2211.12431
2211.12441
2211.12447
2211.12456

# 2022-11-23
2211.12158
2211.12511
2211.12833
2211.12862
2211.12887
2211.12954
2211.12982
2211.13217

# 2022-11-27
2211.12519
2211.13312
2211.13447
2211.13473
2211.13532
2211.13741
2211.13767
2211.13790
2211.14259

# 2022-11-28
2211.14497
2211.14572
2211.14640
2211.14658
2211.14676
2211.14825
2211.15114
2211.15356
2211.15520
2211.15602
2211.15611

# 2022-11-29
2211.15843
2211.15945
2211.16293
2211.16379
2211.16402

# 2022-11-30
2211.16468

# 2022-11-30
2211.16518
2211.16747
2211.16908
2211.16993
2211.17050
2211.17159
2211.17211
2211.17214

# 2022-12-01
2212.00083
2212.00094
2212.00098
2212.00297
2212.00359
2212.00418
2212.00508
2212.00642
2212.00693

# 2022-12-04
2212.00879

# 2022-12-05
2212.01571
2212.01594
2212.01668
2212.02201

# 2022-12-06
2212.02548
2212.02635
2212.02653
2212.02883
2212.03008
2212.03072

# 2022-12-07
2212.03348
2212.03457
2212.03521
2212.03776
2212.03851

# 2022-12-08
2212.03906
2212.03945
2212.03957
2212.04166
2212.04207

# 2022-12-11
2212.04659
2212.04703
2212.04718
2212.04726
2212.04880

# 2022-12-12
2212.05358
2212.05433
2212.05619
2212.05823

# 2022-12-13
2212.06315
2212.06782

# 2022-12-14
2212.07119
2212.07124

# 2022-12-15
2212.07533
2212.07713
2212.07870
2212.07907
2212.07997
2212.08048

# 2022-12-18
2212.08143
2212.08200
2212.08397
2212.08559
2212.08599

# 2022-12-19
2212.08678
2212.08709
2212.09270
2212.09285
2212.09348
2212.09505

# 2022-12-21
2212.10582
2212.10631
2212.10641
2212.10672
2212.10740
2212.10775
2212.10872
2212.11191
2212.11247

# 2022-12-22
2212.11627
2212.11653
2212.11834
2212.11882
2212.11935
2212.11944

# 2022-12-25
2212.12150
2212.12219
2212.12317
2212.12385
2212.12389
2212.12450

# 2022-12-26
2212.12577
2212.12756
2212.12765
2212.12843

# 2022-12-28
2212.13406
2212.13677
2212.13801
2212.13962

# 2023-01-01
2212.14095
2212.14205
2212.14220
2212.14334
2212.14345
2212.14399
2212.14814
2212.14865

# 2023-01-02
2212.14425
2301.00074
2301.00104
2301.00136
2301.00278
2301.00370
2301.00384
2301.00387
2301.00732
2301.00739
2301.00797

# 2023-01-03
2301.00995
2301.01068

# 2023-01-04
2301.01356
2301.01589
2301.01676
2301.01696
2301.01744

# 2023-01-05
2301.01778
2301.01924
2301.02129
2301.02161
2301.02178
2301.02227

# 2023-01-08
2301.00520
2301.02462
2301.02507
2301.02569

# 2023-01-09
2301.02876
2301.02944
2301.03161
2301.03180
2301.03221
2301.03384
2301.03390
2301.03487

# 2023-01-10
2301.03638
2301.03763
2301.03972

# 2023-01-11
2301.04147

# 2023-01-12
2301.04690
2301.04789
2301.04938
2301.05084
2301.05122
2301.05155

# 2023-01-15
2301.05308
2301.05338
2301.05350
2301.05554
2301.05658
2301.05680

# 2023-01-17
2301.06105
2301.06107
2301.06127
2301.06426
2301.06457
2301.06499
2301.06724
2301.06857
2301.06968
2301.07007

# 2023-01-18
2301.07123
2301.07300
2301.07384
2301.07537

# 2023-01-19
2301.07191
2301.07730
2301.07757

# 2023-01-22
2301.08348
2301.08440
2301.08680

# 2023-01-23
2301.08837
2301.08848
2301.09187
2301.09217
2301.09236
2301.09247
2301.09272
2301.09502
2301.09627

# 2023-01-24
2301.09664
2301.09867
2301.09966
2301.10031
2301.10102

# 2023-01-25
2301.10354
2301.10503
2301.10557
2301.10564
2301.10617
2301.10637

# 2023-01-26
2301.11039
2301.11205
2301.11292

# 2023-01-29
2301.11571
2301.11615
2301.11632
2301.11761
2301.11820
2301.11849

# 2023-01-30
2301.12028
2301.12122
2301.12212
2301.12274
2301.12563
2301.12723
2301.12783
2301.12814
2301.12977
2301.13079
2301.13181

# 2023-01-31
2301.13224
2301.13245
2301.13307
2301.13329
2301.13541
2301.13603
2301.13723
2301.13735
2301.13860

# 2023-02-01
2302.00037
2302.00112
2302.00133
2302.00273
2302.00352
2302.00360
2302.00458
2302.00541
2302.00608
2302.00630
2302.00657

# 2023-02-02
2302.01145

# 2023-02-05
2302.01212
2302.01405
2302.01748
2302.01858
2302.01873

# 2023-02-06
2302.02132
2302.02215
2302.02290
2302.02567
2302.02756
2302.02870

# 2023-02-07
2302.03143
2302.03245
2302.03451
2302.03456
2302.03527
2302.03569
2302.03627
2302.03658

# 2023-02-08
2302.03797
2302.04033
2302.04108
2302.04162
2302.04218

# 2023-02-09
2302.04322
2302.04378
2302.04384
2302.04462
2302.04482
2302.04496
2302.04522
2302.04624
2302.04731
2302.04747
2302.04749
2302.04783

# 2023-02-12
2302.04963
2302.05030
2302.05426

# 2023-02-13
2302.05505
2302.05575
2302.05633
2302.05644
2302.05951
2302.05960
2302.05966
2302.05972
2302.06012
2302.06154
2302.06172
2302.06241
2302.06259
2302.06351
2302.06485
2302.06499
2302.06512

# 2023-02-14
2302.06616
2302.06717
2302.06737
2302.06760
2302.06878
2302.06983
2302.06984
2302.07049
2302.07063
2302.07090
2302.07235

# 2023-02-15
2302.07326
2302.07409
2302.07429
2302.07649
2302.07666

# 2023-02-16
2302.08083
2302.08182
2302.08234
2302.08420
2302.08432

# 2023-02-19
2302.08570
2302.08860
2302.08870
2302.08929
2302.09024

# 2023-02-20
2302.09220
2302.09512
2302.09604
2302.09614
2302.09652
2302.09796
2302.09830
2302.09940
2302.10110

# 2023-02-21
2302.10244
2302.10332
2302.10431
2302.10538
2302.10613
2302.10643
2302.10662
2302.10847

# 2023-02-22
2302.10972
2302.11250
2302.11290
2302.11295
2302.11336
2302.11390
2302.11417
2302.11443
2302.11454
2302.11475
2302.11476

# 2023-02-23
2302.11578
2302.11619
2302.11667
2302.11838
2302.11902
2302.11952
2302.12029
2302.12201
2302.12210

# 2023-02-26
2302.12467
2302.12823

# 2023-02-27
2302.12937
2302.12940
2302.12953
2302.13031
2302.13036
2302.13116
2302.13214
2302.13224
2302.13555
2302.13605
2302.13644
2302.13701
2302.13764
2302.13888
2302.13997

# 2023-02-28
2302.14066
2302.14128
2302.14324
2302.14386
2302.14412
2302.14585
2302.14692
2302.14698
2302.14725
2302.14755
2302.14834

# 2023-03-01
2303.00209
2303.00217
2303.00252
2303.00660
2303.00745

# 2023-03-02
2303.00791
2303.00811
2303.01016
2303.01188
2303.01224
2303.01290
2303.01400
2303.01411
2303.01417
2303.01492

# 2023-03-05
2303.01505
2303.01571
2303.01625
2303.01726
2303.01746
2303.01877
2303.01952
2303.02131

# 2023-03-06
2303.03148
2303.03319

# 2023-03-07
2303.02283

# 2023-03-07
2303.02301

# 2023-03-07
2303.03617
2303.03645
2303.03705
2303.03921
2303.03958
2303.03962
2303.03964

# 2023-03-08
2303.02390
2303.02463
2303.02855
2303.02997
2303.03125

# 2023-03-08
2303.04199
2303.04205
2303.04298
2303.04613

# 2023-03-09
2303.04859
2303.04934
2303.04945
2303.05044
2303.05250
2303.05336
2303.05408

# 2023-03-12
2303.05614
2303.05616
2303.05619
2303.05989
2303.06001
2303.06090
2303.06102

# 2023-03-13
2303.06256
2303.06643
2303.06802
2303.06855
2303.06864
2303.07290
2303.07296

# 2023-03-14
2303.07444
2303.07858
2303.07911
2303.07985
2303.08118

# 2023-03-16
2303.08904
2303.08908
2303.09086

# 2023-03-19
2303.09632
2303.10028
2303.10034

# 2023-03-20
2303.10244
2303.10394
2303.10490
2303.10646
2303.10866
2303.10926
2303.10935
2303.11150

# 2023-03-21
2303.11703

# 2023-03-22
2303.12172
2303.12325
2303.12560
2303.12768

# 2023-03-23
2303.12850
2303.13256
2303.13279

# 2023-03-27
2303.14293
2303.14405
2303.14467
2303.14572
2303.14605
2303.14697
2303.14821

